2 0.740294 0.498256 0.0952168 0.101087 0.906366
2 0.620294 0.499607 0.112712 0.095727 0.898878
2 0.416621 0.503769 0.104003 0.0967431 0.879121
2 0.208035 0.533633 0.0829429 0.105379 0.865852
2 0.858966 0.766525 0.087178 0.120853 0.845193
2 0.886041 0.236398 0.046068 0.0714744 0.837182
2 0.831803 0.313065 0.0326658 0.0857974 0.812055
2 0.943364 0.808269 0.0807602 0.0941993 0.805254
2 0.0756261 0.596724 0.0546437 0.0751146 0.773218
2 0.509199 0.480698 0.0566699 0.145776 0.767325
2 0.131725 0.565419 0.0670631 0.0926475 0.765408
2 0.748148 0.79219 0.091035 0.0921351 0.760379
2 0.798956 0.27282 0.0302578 0.083635 0.728571
2 0.208629 0.781918 0.0870345 0.102921 0.7271
2 0.914926 0.573172 0.0728977 0.120644 0.677855
2 0.293084 0.520209 0.0888185 0.0962583 0.663405
2 0.74414 0.148611 0.0447332 0.0634486 0.643548
2 0.943977 0.288343 0.0469706 0.0751068 0.622632
2 0.829806 0.510106 0.0702299 0.0936969 0.598581
2 0.0332067 0.626144 0.0348016 0.071167 0.539413
2 0.747558 0.216047 0.0424856 0.0733562 0.524107
2 0.00816922 0.64562 0.0163044 0.0620327 0.477466
2 0.770934 0.239382 0.0373006 0.0660066 0.474901
2 0.625628 0.789984 0.127599 0.137352 0.340666
2 0.116695 0.779865 0.0694527 0.103829 0.307987
2 0.872969 0.348736 0.0336918 0.0820285 0.298439
2 0.33754 0.789234 0.117449 0.111554 0.277256
2 0.723044 0.10363 0.0291328 0.0543422 0.263878
2 0.939468 0.218141 0.0442242 0.0495833 0.258416
2 0.982894 0.67321 0.0334354 0.10448 0.235505
2 0.710837 0.0586239 0.0165537 0.0369094 0.166116
2 0.756192 0.224571 0.0637932 0.0906999 0.145805
2 0.664788 0.0450303 0.0157654 0.0266577 0.140744
2 0.736518 0.127922 0.0599649 0.103512 0.0810422
2 0.974569 0.428344 0.0351841 0.063878 0.0727881
2 0.0563893 0.79947 0.0559513 0.0894731 0.0591614
