Car #1 Mask Coordinates:
ultralytics.engine.results.Masks object with attributes:

data: tensor([[[0., 0., 0.,  ..., 0., 0., 0.],
         [0., 0., 0.,  ..., 0., 0., 0.],
         [0., 0., 0.,  ..., 0., 0., 0.],
         ...,
         [0., 0., 0.,  ..., 0., 0., 0.],
         [0., 0., 0.,  ..., 0., 0., 0.],
         [0., 0., 0.,  ..., 0., 0., 0.]]])
orig_shape: (1080, 1920)
shape: torch.Size([1, 384, 640])
xy: [array([[        996,         492],
       [        993,         495],
       [        987,         495],
       [        984,         498],
       [        981,         498],
       [        978,         501],
       [        966,         501],
       [        963,         504],
       [        957,         504],
       [        951,         510],
       [        951,         513],
       [        948,         516],
       [        948,         570],
       [        951,         573],
       [        951,         576],
       [        957,         582],
       [        960,         582],
       [        963,         585],
       [       1008,         585],
       [       1011,         582],
       [       1023,         582],
       [       1026,         579],
       [       1035,         579],
       [       1038,         576],
       [       1074,         576],
       [       1077,         579],
       [       1080,         579],
       [       1083,         582],
       [       1086,         582],
       [       1089,         585],
       [       1110,         585],
       [       1113,         582],
       [       1113,         579],
       [       1116,         576],
       [       1116,         573],
       [       1125,         564],
       [       1125,         561],
       [       1128,         558],
       [       1128,         555],
       [       1134,         549],
       [       1134,         546],
       [       1137,         543],
       [       1137,         531],
       [       1134,         528],
       [       1134,         519],
       [       1128,         513],
       [       1128,         510],
       [       1125,         507],
       [       1125,         501],
       [       1122,         498],
       [       1122,         495],
       [       1119,         495],
       [       1116,         492]], dtype=float32)]
xyn: [array([[    0.51875,     0.45556],
       [    0.51719,     0.45833],
       [    0.51406,     0.45833],
       [     0.5125,     0.46111],
       [    0.51094,     0.46111],
       [    0.50937,     0.46389],
       [    0.50313,     0.46389],
       [    0.50156,     0.46667],
       [    0.49844,     0.46667],
       [    0.49531,     0.47222],
       [    0.49531,       0.475],
       [    0.49375,     0.47778],
       [    0.49375,     0.52778],
       [    0.49531,     0.53056],
       [    0.49531,     0.53333],
       [    0.49844,     0.53889],
       [        0.5,     0.53889],
       [    0.50156,     0.54167],
       [      0.525,     0.54167],
       [    0.52656,     0.53889],
       [    0.53281,     0.53889],
       [    0.53438,     0.53611],
       [    0.53906,     0.53611],
       [    0.54062,     0.53333],
       [    0.55937,     0.53333],
       [    0.56094,     0.53611],
       [     0.5625,     0.53611],
       [    0.56406,     0.53889],
       [    0.56563,     0.53889],
       [    0.56719,     0.54167],
       [    0.57812,     0.54167],
       [    0.57969,     0.53889],
       [    0.57969,     0.53611],
       [    0.58125,     0.53333],
       [    0.58125,     0.53056],
       [    0.58594,     0.52222],
       [    0.58594,     0.51944],
       [     0.5875,     0.51667],
       [     0.5875,     0.51389],
       [    0.59062,     0.50833],
       [    0.59062,     0.50556],
       [    0.59219,     0.50278],
       [    0.59219,     0.49167],
       [    0.59062,     0.48889],
       [    0.59062,     0.48056],
       [     0.5875,       0.475],
       [     0.5875,     0.47222],
       [    0.58594,     0.46944],
       [    0.58594,     0.46389],
       [    0.58438,     0.46111],
       [    0.58438,     0.45833],
       [    0.58281,     0.45833],
       [    0.58125,     0.45556]], dtype=float32)]
Car #2 Mask Coordinates:
ultralytics.engine.results.Masks object with attributes:

data: tensor([[[0., 0., 0.,  ..., 0., 0., 0.],
         [0., 0., 0.,  ..., 0., 0., 0.],
         [0., 0., 0.,  ..., 0., 0., 0.],
         ...,
         [0., 0., 0.,  ..., 0., 0., 0.],
         [0., 0., 0.,  ..., 0., 0., 0.],
         [0., 0., 0.,  ..., 0., 0., 0.]]])
orig_shape: (1080, 1920)
shape: torch.Size([1, 384, 640])
xy: [array([[        723,         504],
       [        720,         507],
       [        717,         507],
       [        711,         513],
       [        711,         516],
       [        708,         519],
       [        708,         570],
       [        711,         573],
       [        711,         576],
       [        723,         576],
       [        729,         582],
       [        732,         582],
       [        735,         585],
       [        768,         585],
       [        771,         582],
       [        846,         582],
       [        849,         585],
       [        873,         585],
       [        876,         582],
       [        879,         582],
       [        885,         576],
       [        888,         576],
       [        891,         573],
       [        894,         573],
       [        900,         567],
       [        900,         564],
       [        909,         555],
       [        909,         537],
       [        906,         534],
       [        906,         528],
       [        900,         522],
       [        900,         519],
       [        894,         513],
       [        894,         510],
       [        891,         510],
       [        888,         507],
       [        885,         507],
       [        882,         504]], dtype=float32)]
xyn: [array([[    0.37656,     0.46667],
       [      0.375,     0.46944],
       [    0.37344,     0.46944],
       [    0.37031,       0.475],
       [    0.37031,     0.47778],
       [    0.36875,     0.48056],
       [    0.36875,     0.52778],
       [    0.37031,     0.53056],
       [    0.37031,     0.53333],
       [    0.37656,     0.53333],
       [    0.37969,     0.53889],
       [    0.38125,     0.53889],
       [    0.38281,     0.54167],
       [        0.4,     0.54167],
       [    0.40156,     0.53889],
       [    0.44063,     0.53889],
       [    0.44219,     0.54167],
       [    0.45469,     0.54167],
       [    0.45625,     0.53889],
       [    0.45781,     0.53889],
       [    0.46094,     0.53333],
       [     0.4625,     0.53333],
       [    0.46406,     0.53056],
       [    0.46562,     0.53056],
       [    0.46875,       0.525],
       [    0.46875,     0.52222],
       [    0.47344,     0.51389],
       [    0.47344,     0.49722],
       [    0.47188,     0.49444],
       [    0.47188,     0.48889],
       [    0.46875,     0.48333],
       [    0.46875,     0.48056],
       [    0.46562,       0.475],
       [    0.46562,     0.47222],
       [    0.46406,     0.47222],
       [     0.4625,     0.46944],
       [    0.46094,     0.46944],
       [    0.45937,     0.46667]], dtype=float32)]
Car #3 Mask Coordinates:
ultralytics.engine.results.Masks object with attributes:

data: tensor([[[0., 0., 0.,  ..., 0., 0., 0.],
         [0., 0., 0.,  ..., 0., 0., 0.],
         [0., 0., 0.,  ..., 0., 0., 0.],
         ...,
         [0., 0., 0.,  ..., 0., 0., 0.],
         [0., 0., 0.,  ..., 0., 0., 0.],
         [0., 0., 0.,  ..., 0., 0., 0.]]])
orig_shape: (1080, 1920)
shape: torch.Size([1, 384, 640])
xy: [array([[        519,         516],
       [        510,         525],
       [        507,         525],
       [        504,         528],
       [        498,         528],
       [        480,         546],
       [        480,         597],
       [        483,         600],
       [        483,         603],
       [        486,         606],
       [        492,         606],
       [        495,         609],
       [        507,         609],
       [        510,         606],
       [        513,         606],
       [        519,         600],
       [        525,         600],
       [        528,         597],
       [        615,         597],
       [        627,         585],
       [        630,         585],
       [        636,         579],
       [        636,         576],
       [        642,         570],
       [        642,         567],
       [        645,         564],
       [        645,         534],
       [        642,         531],
       [        642,         528],
       [        630,         516]], dtype=float32)]
xyn: [array([[    0.27031,     0.47778],
       [    0.26562,     0.48611],
       [    0.26406,     0.48611],
       [     0.2625,     0.48889],
       [    0.25938,     0.48889],
       [       0.25,     0.50556],
       [       0.25,     0.55278],
       [    0.25156,     0.55556],
       [    0.25156,     0.55833],
       [    0.25313,     0.56111],
       [    0.25625,     0.56111],
       [    0.25781,     0.56389],
       [    0.26406,     0.56389],
       [    0.26562,     0.56111],
       [    0.26719,     0.56111],
       [    0.27031,     0.55556],
       [    0.27344,     0.55556],
       [      0.275,     0.55278],
       [    0.32031,     0.55278],
       [    0.32656,     0.54167],
       [    0.32812,     0.54167],
       [    0.33125,     0.53611],
       [    0.33125,     0.53333],
       [    0.33437,     0.52778],
       [    0.33437,       0.525],
       [    0.33594,     0.52222],
       [    0.33594,     0.49444],
       [    0.33437,     0.49167],
       [    0.33437,     0.48889],
       [    0.32812,     0.47778]], dtype=float32)]
Car #4 Mask Coordinates:
ultralytics.engine.results.Masks object with attributes:

data: tensor([[[0., 0., 0.,  ..., 0., 0., 0.],
         [0., 0., 0.,  ..., 0., 0., 0.],
         [0., 0., 0.,  ..., 0., 0., 0.],
         ...,
         [0., 0., 0.,  ..., 0., 0., 0.],
         [0., 0., 0.,  ..., 0., 0., 0.],
         [0., 0., 0.,  ..., 0., 0., 0.]]])
orig_shape: (1080, 1920)
shape: torch.Size([1, 384, 640])
xy: [array([[       1299,         492],
       [       1296,         495],
       [       1296,         558],
       [       1299,         561],
       [       1302,         561],
       [       1305,         564],
       [       1308,         564],
       [       1314,         570],
       [       1317,         570],
       [       1320,         573],
       [       1374,         573],
       [       1377,         570],
       [       1431,         570],
       [       1434,         573],
       [       1467,         573],
       [       1473,         567],
       [       1473,         558],
       [       1476,         555],
       [       1476,         552],
       [       1479,         549],
       [       1479,         537],
       [       1476,         534],
       [       1476,         528],
       [       1473,         525],
       [       1473,         516],
       [       1461,         504],
       [       1458,         504],
       [       1446,         492]], dtype=float32)]
xyn: [array([[    0.67656,     0.45556],
       [      0.675,     0.45833],
       [      0.675,     0.51667],
       [    0.67656,     0.51944],
       [    0.67813,     0.51944],
       [    0.67969,     0.52222],
       [    0.68125,     0.52222],
       [    0.68437,     0.52778],
       [    0.68594,     0.52778],
       [     0.6875,     0.53056],
       [    0.71562,     0.53056],
       [    0.71719,     0.52778],
       [    0.74531,     0.52778],
       [    0.74687,     0.53056],
       [    0.76406,     0.53056],
       [    0.76719,       0.525],
       [    0.76719,     0.51667],
       [    0.76875,     0.51389],
       [    0.76875,     0.51111],
       [    0.77031,     0.50833],
       [    0.77031,     0.49722],
       [    0.76875,     0.49444],
       [    0.76875,     0.48889],
       [    0.76719,     0.48611],
       [    0.76719,     0.47778],
       [    0.76094,     0.46667],
       [    0.75937,     0.46667],
       [    0.75313,     0.45556]], dtype=float32)]
Car #5 Mask Coordinates:
ultralytics.engine.results.Masks object with attributes:

data: tensor([[[0., 0., 0.,  ..., 0., 0., 0.],
         [0., 0., 0.,  ..., 0., 0., 0.],
         [0., 0., 0.,  ..., 0., 0., 0.],
         ...,
         [0., 0., 0.,  ..., 0., 0., 0.],
         [0., 0., 0.,  ..., 0., 0., 0.],
         [0., 0., 0.,  ..., 0., 0., 0.]]])
orig_shape: (1080, 1920)
shape: torch.Size([1, 384, 640])
xy: [array([[        339,         552],
       [        327,         564],
       [        327,         567],
       [        324,         570],
       [        324,         615],
       [        330,         621],
       [        432,         621],
       [        435,         618],
       [        438,         618],
       [        444,         612],
       [        447,         612],
       [        453,         606],
       [        453,         603],
       [        456,         600],
       [        456,         597],
       [        459,         594],
       [        459,         591],
       [        462,         588],
       [        462,         570],
       [        456,         564],
       [        456,         561],
       [        453,         558],
       [        453,         555],
       [        450,         552]], dtype=float32)]
xyn: [array([[    0.17656,     0.51111],
       [    0.17031,     0.52222],
       [    0.17031,       0.525],
       [    0.16875,     0.52778],
       [    0.16875,     0.56944],
       [    0.17188,       0.575],
       [      0.225,       0.575],
       [    0.22656,     0.57222],
       [    0.22813,     0.57222],
       [    0.23125,     0.56667],
       [    0.23281,     0.56667],
       [    0.23594,     0.56111],
       [    0.23594,     0.55833],
       [     0.2375,     0.55556],
       [     0.2375,     0.55278],
       [    0.23906,        0.55],
       [    0.23906,     0.54722],
       [    0.24062,     0.54444],
       [    0.24062,     0.52778],
       [     0.2375,     0.52222],
       [     0.2375,     0.51944],
       [    0.23594,     0.51667],
       [    0.23594,     0.51389],
       [    0.23438,     0.51111]], dtype=float32)]
Car #6 Mask Coordinates:
ultralytics.engine.results.Masks object with attributes:

data: tensor([[[0., 0., 0.,  ..., 0., 0., 0.],
         [0., 0., 0.,  ..., 0., 0., 0.],
         [0., 0., 0.,  ..., 0., 0., 0.],
         ...,
         [0., 0., 0.,  ..., 0., 0., 0.],
         [0., 0., 0.,  ..., 0., 0., 0.],
         [0., 0., 0.,  ..., 0., 0., 0.]]])
orig_shape: (1080, 1920)
shape: torch.Size([1, 384, 640])
xy: [array([[        339,         792],
       [        324,         807],
       [        324,         858],
       [        342,         876],
       [        345,         876],
       [        354,         885],
       [        363,         885],
       [        366,         888],
       [        369,         888],
       [        375,         894],
       [        384,         894],
       [        387,         891],
       [        390,         891],
       [        393,         888],
       [        462,         888],
       [        465,         891],
       [        468,         891],
       [        471,         894],
       [        477,         894],
       [        480,         891],
       [        483,         891],
       [        486,         888],
       [        489,         888],
       [        492,         885],
       [        498,         885],
       [        501,         882],
       [        501,         879],
       [        510,         870],
       [        510,         867],
       [        513,         864],
       [        513,         819],
       [        489,         795],
       [        486,         795],
       [        483,         792]], dtype=float32)]
xyn: [array([[    0.17656,     0.73333],
       [    0.16875,     0.74722],
       [    0.16875,     0.79444],
       [    0.17812,     0.81111],
       [    0.17969,     0.81111],
       [    0.18438,     0.81944],
       [    0.18906,     0.81944],
       [    0.19062,     0.82222],
       [    0.19219,     0.82222],
       [    0.19531,     0.82778],
       [        0.2,     0.82778],
       [    0.20156,       0.825],
       [    0.20312,       0.825],
       [    0.20469,     0.82222],
       [    0.24062,     0.82222],
       [    0.24219,       0.825],
       [    0.24375,       0.825],
       [    0.24531,     0.82778],
       [    0.24844,     0.82778],
       [       0.25,       0.825],
       [    0.25156,       0.825],
       [    0.25313,     0.82222],
       [    0.25469,     0.82222],
       [    0.25625,     0.81944],
       [    0.25938,     0.81944],
       [    0.26094,     0.81667],
       [    0.26094,     0.81389],
       [    0.26562,     0.80556],
       [    0.26562,     0.80278],
       [    0.26719,         0.8],
       [    0.26719,     0.75833],
       [    0.25469,     0.73611],
       [    0.25313,     0.73611],
       [    0.25156,     0.73333]], dtype=float32)]
Car #7 Mask Coordinates:
ultralytics.engine.results.Masks object with attributes:

data: tensor([[[0., 0., 0.,  ..., 0., 0., 0.],
         [0., 0., 0.,  ..., 0., 0., 0.],
         [0., 0., 0.,  ..., 0., 0., 0.],
         ...,
         [0., 0., 0.,  ..., 0., 0., 0.],
         [0., 0., 0.,  ..., 0., 0., 0.],
         [0., 0., 0.,  ..., 0., 0., 0.]]])
orig_shape: (1080, 1920)
shape: torch.Size([1, 384, 640])
xy: [array([[       1548,         504],
       [       1545,         507],
       [       1539,         507],
       [       1539,         510],
       [       1536,         513],
       [       1536,         570],
       [       1539,         573],
       [       1542,         573],
       [       1551,         582],
       [       1554,         582],
       [       1557,         579],
       [       1560,         579],
       [       1563,         576],
       [       1569,         576],
       [       1572,         579],
       [       1578,         579],
       [       1581,         582],
       [       1608,         582],
       [       1611,         585],
       [       1629,         585],
       [       1632,         588],
       [       1638,         588],
       [       1641,         585],
       [       1650,         585],
       [       1650,         582],
       [       1653,         579],
       [       1653,         561],
       [       1656,         558],
       [       1656,         555],
       [       1653,         552],
       [       1653,         519],
       [       1647,         513],
       [       1644,         513],
       [       1641,         510],
       [       1641,         507],
       [       1638,         504]], dtype=float32)]
xyn: [array([[    0.80625,     0.46667],
       [    0.80469,     0.46944],
       [    0.80156,     0.46944],
       [    0.80156,     0.47222],
       [        0.8,       0.475],
       [        0.8,     0.52778],
       [    0.80156,     0.53056],
       [    0.80313,     0.53056],
       [    0.80781,     0.53889],
       [    0.80937,     0.53889],
       [    0.81094,     0.53611],
       [     0.8125,     0.53611],
       [    0.81406,     0.53333],
       [    0.81719,     0.53333],
       [    0.81875,     0.53611],
       [    0.82187,     0.53611],
       [    0.82344,     0.53889],
       [     0.8375,     0.53889],
       [    0.83906,     0.54167],
       [    0.84844,     0.54167],
       [       0.85,     0.54444],
       [    0.85312,     0.54444],
       [    0.85469,     0.54167],
       [    0.85938,     0.54167],
       [    0.85938,     0.53889],
       [    0.86094,     0.53611],
       [    0.86094,     0.51944],
       [     0.8625,     0.51667],
       [     0.8625,     0.51389],
       [    0.86094,     0.51111],
       [    0.86094,     0.48056],
       [    0.85781,       0.475],
       [    0.85625,       0.475],
       [    0.85469,     0.47222],
       [    0.85469,     0.46944],
       [    0.85312,     0.46667]], dtype=float32)]
Car #8 Mask Coordinates:
ultralytics.engine.results.Masks object with attributes:

data: tensor([[[0., 0., 0.,  ..., 0., 0., 0.],
         [0., 0., 0.,  ..., 0., 0., 0.],
         [0., 0., 0.,  ..., 0., 0., 0.],
         ...,
         [0., 0., 0.,  ..., 0., 0., 0.],
         [0., 0., 0.,  ..., 0., 0., 0.],
         [0., 0., 0.,  ..., 0., 0., 0.]]])
orig_shape: (1080, 1920)
shape: torch.Size([1, 384, 640])
xy: [array([[        567,         816],
       [        552,         831],
       [        552,         888],
       [        555,         891],
       [        555,         894],
       [        558,         897],
       [        564,         897],
       [        567,         900],
       [        573,         900],
       [        576,         903],
       [        585,         903],
       [        588,         906],
       [        618,         906],
       [        621,         909],
       [        654,         909],
       [        657,         912],
       [        723,         912],
       [        726,         909],
       [        735,         909],
       [        741,         903],
       [        741,         897],
       [        744,         894],
       [        744,         888],
       [        747,         885],
       [        747,         882],
       [        750,         879],
       [        750,         870],
       [        747,         867],
       [        747,         861],
       [        744,         858],
       [        744,         852],
       [        741,         849],
       [        741,         843],
       [        738,         840],
       [        738,         837],
       [        729,         828],
       [        726,         828],
       [        723,         825],
       [        720,         825],
       [        714,         819],
       [        708,         819],
       [        705,         816]], dtype=float32)]
xyn: [array([[    0.29531,     0.75556],
       [     0.2875,     0.76944],
       [     0.2875,     0.82222],
       [    0.28906,       0.825],
       [    0.28906,     0.82778],
       [    0.29063,     0.83056],
       [    0.29375,     0.83056],
       [    0.29531,     0.83333],
       [    0.29844,     0.83333],
       [        0.3,     0.83611],
       [    0.30469,     0.83611],
       [    0.30625,     0.83889],
       [    0.32188,     0.83889],
       [    0.32344,     0.84167],
       [    0.34062,     0.84167],
       [    0.34219,     0.84444],
       [    0.37656,     0.84444],
       [    0.37813,     0.84167],
       [    0.38281,     0.84167],
       [    0.38594,     0.83611],
       [    0.38594,     0.83056],
       [     0.3875,     0.82778],
       [     0.3875,     0.82222],
       [    0.38906,     0.81944],
       [    0.38906,     0.81667],
       [    0.39062,     0.81389],
       [    0.39062,     0.80556],
       [    0.38906,     0.80278],
       [    0.38906,     0.79722],
       [     0.3875,     0.79444],
       [     0.3875,     0.78889],
       [    0.38594,     0.78611],
       [    0.38594,     0.78056],
       [    0.38438,     0.77778],
       [    0.38438,       0.775],
       [    0.37969,     0.76667],
       [    0.37813,     0.76667],
       [    0.37656,     0.76389],
       [      0.375,     0.76389],
       [    0.37187,     0.75833],
       [    0.36875,     0.75833],
       [    0.36719,     0.75556]], dtype=float32)]
Car #9 Mask Coordinates:
ultralytics.engine.results.Masks object with attributes:

data: tensor([[[0., 0., 0.,  ..., 0., 0., 0.],
         [0., 0., 0.,  ..., 0., 0., 0.],
         [0., 0., 0.,  ..., 0., 0., 0.],
         ...,
         [0., 0., 0.,  ..., 0., 0., 0.],
         [0., 0., 0.,  ..., 0., 0., 0.],
         [0., 0., 0.,  ..., 0., 0., 0.]]])
orig_shape: (1080, 1920)
shape: torch.Size([1, 384, 640])
xy: [array([[       1695,         564],
       [       1692,         567],
       [       1692,         618],
       [       1695,         621],
       [       1695,         624],
       [       1701,         630],
       [       1704,         630],
       [       1707,         633],
       [       1722,         633],
       [       1725,         636],
       [       1728,         636],
       [       1734,         642],
       [       1737,         642],
       [       1740,         645],
       [       1746,         645],
       [       1755,         654],
       [       1758,         654],
       [       1761,         657],
       [       1767,         657],
       [       1776,         666],
       [       1776,         672],
       [       1779,         675],
       [       1779,         678],
       [       1788,         678],
       [       1791,         681],
       [       1800,         681],
       [       1803,         678],
       [       1806,         678],
       [       1821,         663],
       [       1821,         660],
       [       1824,         657],
       [       1824,         654],
       [       1830,         648],
       [       1830,         645],
       [       1833,         642],
       [       1833,         615],
       [       1818,         600],
       [       1815,         600],
       [       1809,         594],
       [       1809,         591],
       [       1806,         588],
       [       1803,         588],
       [       1794,         579],
       [       1791,         579],
       [       1788,         576],
       [       1782,         576],
       [       1770,         564]], dtype=float32)]
xyn: [array([[    0.88281,     0.52222],
       [    0.88125,       0.525],
       [    0.88125,     0.57222],
       [    0.88281,       0.575],
       [    0.88281,     0.57778],
       [    0.88594,     0.58333],
       [     0.8875,     0.58333],
       [    0.88906,     0.58611],
       [    0.89688,     0.58611],
       [    0.89844,     0.58889],
       [        0.9,     0.58889],
       [    0.90312,     0.59444],
       [    0.90469,     0.59444],
       [    0.90625,     0.59722],
       [    0.90938,     0.59722],
       [    0.91406,     0.60556],
       [    0.91562,     0.60556],
       [    0.91719,     0.60833],
       [    0.92031,     0.60833],
       [      0.925,     0.61667],
       [      0.925,     0.62222],
       [    0.92656,       0.625],
       [    0.92656,     0.62778],
       [    0.93125,     0.62778],
       [    0.93281,     0.63056],
       [     0.9375,     0.63056],
       [    0.93906,     0.62778],
       [    0.94063,     0.62778],
       [    0.94844,     0.61389],
       [    0.94844,     0.61111],
       [       0.95,     0.60833],
       [       0.95,     0.60556],
       [    0.95312,         0.6],
       [    0.95312,     0.59722],
       [    0.95469,     0.59444],
       [    0.95469,     0.56944],
       [    0.94687,     0.55556],
       [    0.94531,     0.55556],
       [    0.94219,        0.55],
       [    0.94219,     0.54722],
       [    0.94063,     0.54444],
       [    0.93906,     0.54444],
       [    0.93437,     0.53611],
       [    0.93281,     0.53611],
       [    0.93125,     0.53333],
       [    0.92813,     0.53333],
       [    0.92188,     0.52222]], dtype=float32)]
Car #10 Mask Coordinates:
ultralytics.engine.results.Masks object with attributes:

data: tensor([[[0., 0., 0.,  ..., 0., 0., 0.],
         [0., 0., 0.,  ..., 0., 0., 0.],
         [0., 0., 0.,  ..., 0., 0., 0.],
         ...,
         [0., 0., 0.,  ..., 0., 0., 0.],
         [0., 0., 0.,  ..., 0., 0., 0.],
         [0., 0., 0.,  ..., 0., 0., 0.]]])
orig_shape: (1080, 1920)
shape: torch.Size([1, 384, 640])
xy: [array([[        438,         648],
       [        429,         657],
       [        426,         657],
       [        423,         660],
       [        414,         660],
       [        402,         672],
       [        399,         672],
       [        399,         675],
       [        396,         678],
       [        396,         726],
       [        399,         729],
       [        399,         732],
       [        405,         738],
       [        408,         738],
       [        411,         741],
       [        438,         741],
       [        450,         729],
       [        453,         729],
       [        456,         726],
       [        465,         726],
       [        468,         723],
       [        504,         723],
       [        507,         726],
       [        513,         726],
       [        516,         729],
       [        522,         729],
       [        525,         732],
       [        537,         732],
       [        540,         729],
       [        546,         729],
       [        549,         726],
       [        549,         723],
       [        552,         720],
       [        555,         720],
       [        558,         717],
       [        558,         714],
       [        561,         711],
       [        561,         705],
       [        564,         702],
       [        564,         699],
       [        570,         693],
       [        570,         690],
       [        573,         687],
       [        570,         684],
       [        570,         675],
       [        567,         672],
       [        567,         669],
       [        564,         666],
       [        564,         663],
       [        561,         660],
       [        561,         654],
       [        555,         648]], dtype=float32)]
xyn: [array([[    0.22813,         0.6],
       [    0.22344,     0.60833],
       [    0.22187,     0.60833],
       [    0.22031,     0.61111],
       [    0.21563,     0.61111],
       [    0.20937,     0.62222],
       [    0.20781,     0.62222],
       [    0.20781,       0.625],
       [    0.20625,     0.62778],
       [    0.20625,     0.67222],
       [    0.20781,       0.675],
       [    0.20781,     0.67778],
       [    0.21094,     0.68333],
       [     0.2125,     0.68333],
       [    0.21406,     0.68611],
       [    0.22813,     0.68611],
       [    0.23438,       0.675],
       [    0.23594,       0.675],
       [     0.2375,     0.67222],
       [    0.24219,     0.67222],
       [    0.24375,     0.66944],
       [     0.2625,     0.66944],
       [    0.26406,     0.67222],
       [    0.26719,     0.67222],
       [    0.26875,       0.675],
       [    0.27187,       0.675],
       [    0.27344,     0.67778],
       [    0.27969,     0.67778],
       [    0.28125,       0.675],
       [    0.28438,       0.675],
       [    0.28594,     0.67222],
       [    0.28594,     0.66944],
       [     0.2875,     0.66667],
       [    0.28906,     0.66667],
       [    0.29063,     0.66389],
       [    0.29063,     0.66111],
       [    0.29219,     0.65833],
       [    0.29219,     0.65278],
       [    0.29375,        0.65],
       [    0.29375,     0.64722],
       [    0.29688,     0.64167],
       [    0.29688,     0.63889],
       [    0.29844,     0.63611],
       [    0.29688,     0.63333],
       [    0.29688,       0.625],
       [    0.29531,     0.62222],
       [    0.29531,     0.61944],
       [    0.29375,     0.61667],
       [    0.29375,     0.61389],
       [    0.29219,     0.61111],
       [    0.29219,     0.60556],
       [    0.28906,         0.6]], dtype=float32)]
Car #11 Mask Coordinates:
ultralytics.engine.results.Masks object with attributes:

data: tensor([[[0., 0., 0.,  ..., 0., 0., 0.],
         [0., 0., 0.,  ..., 0., 0., 0.],
         [0., 0., 0.,  ..., 0., 0., 0.],
         ...,
         [0., 0., 0.,  ..., 0., 0., 0.],
         [0., 0., 0.,  ..., 0., 0., 0.],
         [0., 0., 0.,  ..., 0., 0., 0.]]])
orig_shape: (1080, 1920)
shape: torch.Size([1, 384, 640])
xy: [array([[        246,         564],
       [        228,         582],
       [        228,         585],
       [        225,         588],
       [        222,         588],
       [        219,         591],
       [        219,         594],
       [        216,         597],
       [        216,         639],
       [        222,         645],
       [        258,         645],
       [        261,         642],
       [        267,         642],
       [        270,         639],
       [        273,         639],
       [        276,         636],
       [        279,         636],
       [        282,         633],
       [        303,         633],
       [        306,         630],
       [        309,         630],
       [        315,         624],
       [        315,         621],
       [        318,         618],
       [        318,         612],
       [        321,         609],
       [        321,         588],
       [        318,         585],
       [        318,         570],
       [        315,         567],
       [        312,         567],
       [        309,         564]], dtype=float32)]
xyn: [array([[    0.12812,     0.52222],
       [    0.11875,     0.53889],
       [    0.11875,     0.54167],
       [    0.11719,     0.54444],
       [    0.11563,     0.54444],
       [    0.11406,     0.54722],
       [    0.11406,        0.55],
       [     0.1125,     0.55278],
       [     0.1125,     0.59167],
       [    0.11563,     0.59722],
       [    0.13438,     0.59722],
       [    0.13594,     0.59444],
       [    0.13906,     0.59444],
       [    0.14062,     0.59167],
       [    0.14219,     0.59167],
       [    0.14375,     0.58889],
       [    0.14531,     0.58889],
       [    0.14687,     0.58611],
       [    0.15781,     0.58611],
       [    0.15937,     0.58333],
       [    0.16094,     0.58333],
       [    0.16406,     0.57778],
       [    0.16406,       0.575],
       [    0.16563,     0.57222],
       [    0.16563,     0.56667],
       [    0.16719,     0.56389],
       [    0.16719,     0.54444],
       [    0.16563,     0.54167],
       [    0.16563,     0.52778],
       [    0.16406,       0.525],
       [     0.1625,       0.525],
       [    0.16094,     0.52222]], dtype=float32)]
Car #12 Mask Coordinates:
ultralytics.engine.results.Masks object with attributes:

data: tensor([[[0., 0., 0.,  ..., 0., 0., 0.],
         [0., 0., 0.,  ..., 0., 0., 0.],
         [0., 0., 0.,  ..., 0., 0., 0.],
         ...,
         [0., 0., 0.,  ..., 0., 0., 0.],
         [0., 0., 0.,  ..., 0., 0., 0.],
         [0., 0., 0.,  ..., 0., 0., 0.]]])
orig_shape: (1080, 1920)
shape: torch.Size([1, 384, 640])
xy: [array([[         78,         624],
       [         63,         639],
       [         63,         642],
       [         60,         645],
       [         60,         693],
       [         63,         696],
       [         63,         702],
       [         66,         702],
       [         72,         696],
       [         78,         696],
       [         81,         693],
       [         96,         693],
       [         99,         690],
       [        102,         690],
       [        108,         684],
       [        111,         684],
       [        114,         681],
       [        123,         681],
       [        129,         675],
       [        129,         672],
       [        135,         666],
       [        135,         663],
       [        138,         660],
       [        138,         657],
       [        141,         654],
       [        141,         630],
       [        135,         624]], dtype=float32)]
xyn: [array([[   0.040625,     0.57778],
       [   0.032812,     0.59167],
       [   0.032812,     0.59444],
       [    0.03125,     0.59722],
       [    0.03125,     0.64167],
       [   0.032812,     0.64444],
       [   0.032812,        0.65],
       [   0.034375,        0.65],
       [     0.0375,     0.64444],
       [   0.040625,     0.64444],
       [   0.042188,     0.64167],
       [       0.05,     0.64167],
       [   0.051562,     0.63889],
       [   0.053125,     0.63889],
       [    0.05625,     0.63333],
       [   0.057813,     0.63333],
       [   0.059375,     0.63056],
       [   0.064062,     0.63056],
       [   0.067188,       0.625],
       [   0.067188,     0.62222],
       [   0.070312,     0.61667],
       [   0.070312,     0.61389],
       [   0.071875,     0.61111],
       [   0.071875,     0.60833],
       [   0.073437,     0.60556],
       [   0.073437,     0.58333],
       [   0.070312,     0.57778]], dtype=float32)]
Car #13 Mask Coordinates:
ultralytics.engine.results.Masks object with attributes:

data: tensor([[[0., 0., 0.,  ..., 0., 0., 0.],
         [0., 0., 0.,  ..., 0., 0., 0.],
         [0., 0., 0.,  ..., 0., 0., 0.],
         ...,
         [0., 0., 0.,  ..., 0., 0., 0.],
         [0., 0., 0.,  ..., 0., 0., 0.],
         [0., 0., 0.,  ..., 0., 0., 0.]]])
orig_shape: (1080, 1920)
shape: torch.Size([1, 384, 640])
xy: [array([[       1671,         228],
       [       1668,         231],
       [       1668,         258],
       [       1671,         261],
       [       1683,         261],
       [       1695,         273],
       [       1701,         273],
       [       1704,         276],
       [       1707,         276],
       [       1713,         282],
       [       1716,         282],
       [       1719,         285],
       [       1734,         285],
       [       1740,         279],
       [       1740,         273],
       [       1743,         270],
       [       1743,         267],
       [       1740,         264],
       [       1740,         258],
       [       1737,         255],
       [       1737,         246],
       [       1728,         237],
       [       1725,         237],
       [       1719,         231],
       [       1716,         231],
       [       1713,         228]], dtype=float32)]
xyn: [array([[    0.87031,     0.21111],
       [    0.86875,     0.21389],
       [    0.86875,     0.23889],
       [    0.87031,     0.24167],
       [    0.87656,     0.24167],
       [    0.88281,     0.25278],
       [    0.88594,     0.25278],
       [     0.8875,     0.25556],
       [    0.88906,     0.25556],
       [    0.89219,     0.26111],
       [    0.89375,     0.26111],
       [    0.89531,     0.26389],
       [    0.90312,     0.26389],
       [    0.90625,     0.25833],
       [    0.90625,     0.25278],
       [    0.90781,        0.25],
       [    0.90781,     0.24722],
       [    0.90625,     0.24444],
       [    0.90625,     0.23889],
       [    0.90469,     0.23611],
       [    0.90469,     0.22778],
       [        0.9,     0.21944],
       [    0.89844,     0.21944],
       [    0.89531,     0.21389],
       [    0.89375,     0.21389],
       [    0.89219,     0.21111]], dtype=float32)]
Car #14 Mask Coordinates:
ultralytics.engine.results.Masks object with attributes:

data: tensor([[[0., 0., 0.,  ..., 0., 0., 0.],
         [0., 0., 0.,  ..., 0., 0., 0.],
         [0., 0., 0.,  ..., 0., 0., 0.],
         ...,
         [0., 0., 0.,  ..., 0., 0., 0.],
         [0., 0., 0.,  ..., 0., 0., 0.],
         [0., 0., 0.,  ..., 0., 0., 0.]]])
orig_shape: (1080, 1920)
shape: torch.Size([1, 384, 640])
xy: [array([[        183,         816],
       [        180,         819],
       [        180,         882],
       [        183,         885],
       [        186,         885],
       [        198,         897],
       [        234,         897],
       [        237,         894],
       [        270,         894],
       [        273,         891],
       [        282,         891],
       [        285,         888],
       [        294,         888],
       [        297,         885],
       [        306,         885],
       [        309,         882],
       [        312,         882],
       [        318,         876],
       [        318,         873],
       [        321,         870],
       [        321,         849],
       [        318,         846],
       [        318,         831],
       [        312,         825],
       [        312,         822],
       [        306,         816]], dtype=float32)]
xyn: [array([[   0.095312,     0.75556],
       [    0.09375,     0.75833],
       [    0.09375,     0.81667],
       [   0.095312,     0.81944],
       [   0.096875,     0.81944],
       [    0.10312,     0.83056],
       [    0.12188,     0.83056],
       [    0.12344,     0.82778],
       [    0.14062,     0.82778],
       [    0.14219,       0.825],
       [    0.14687,       0.825],
       [    0.14844,     0.82222],
       [    0.15313,     0.82222],
       [    0.15469,     0.81944],
       [    0.15937,     0.81944],
       [    0.16094,     0.81667],
       [     0.1625,     0.81667],
       [    0.16563,     0.81111],
       [    0.16563,     0.80833],
       [    0.16719,     0.80556],
       [    0.16719,     0.78611],
       [    0.16563,     0.78333],
       [    0.16563,     0.76944],
       [     0.1625,     0.76389],
       [     0.1625,     0.76111],
       [    0.15937,     0.75556]], dtype=float32)]
Car #15 Mask Coordinates:
ultralytics.engine.results.Masks object with attributes:

data: tensor([[[0., 0., 0.,  ..., 0., 0., 0.],
         [0., 0., 0.,  ..., 0., 0., 0.],
         [0., 0., 0.,  ..., 0., 0., 0.],
         ...,
         [0., 0., 0.,  ..., 0., 0., 0.],
         [0., 0., 0.,  ..., 0., 0., 0.],
         [0., 0., 0.,  ..., 0., 0., 0.]]])
orig_shape: (1080, 1920)
shape: torch.Size([1, 384, 640])
xy: [array([[       1119,         804],
       [       1116,         807],
       [       1116,         882],
       [       1119,         885],
       [       1119,         888],
       [       1122,         888],
       [       1125,         891],
       [       1134,         891],
       [       1137,         894],
       [       1185,         894],
       [       1188,         891],
       [       1224,         891],
       [       1227,         888],
       [       1230,         888],
       [       1233,         891],
       [       1257,         891],
       [       1260,         888],
       [       1269,         888],
       [       1272,         885],
       [       1287,         885],
       [       1293,         879],
       [       1293,         861],
       [       1296,         858],
       [       1296,         843],
       [       1293,         840],
       [       1293,         819],
       [       1278,         804]], dtype=float32)]
xyn: [array([[    0.58281,     0.74444],
       [    0.58125,     0.74722],
       [    0.58125,     0.81667],
       [    0.58281,     0.81944],
       [    0.58281,     0.82222],
       [    0.58438,     0.82222],
       [    0.58594,       0.825],
       [    0.59062,       0.825],
       [    0.59219,     0.82778],
       [    0.61719,     0.82778],
       [    0.61875,       0.825],
       [     0.6375,       0.825],
       [    0.63906,     0.82222],
       [    0.64062,     0.82222],
       [    0.64219,       0.825],
       [    0.65469,       0.825],
       [    0.65625,     0.82222],
       [    0.66094,     0.82222],
       [     0.6625,     0.81944],
       [    0.67031,     0.81944],
       [    0.67344,     0.81389],
       [    0.67344,     0.79722],
       [      0.675,     0.79444],
       [      0.675,     0.78056],
       [    0.67344,     0.77778],
       [    0.67344,     0.75833],
       [    0.66562,     0.74444]], dtype=float32)]
Car #16 Mask Coordinates:
ultralytics.engine.results.Masks object with attributes:

data: tensor([[[0., 0., 0.,  ..., 0., 0., 0.],
         [0., 0., 0.,  ..., 0., 0., 0.],
         [0., 0., 0.,  ..., 0., 0., 0.],
         ...,
         [0., 0., 0.,  ..., 0., 0., 0.],
         [0., 0., 0.,  ..., 0., 0., 0.],
         [0., 0., 0.,  ..., 0., 0., 0.]]])
orig_shape: (1080, 1920)
shape: torch.Size([1, 384, 640])
xy: [array([[         63,         840],
       [         60,         843],
       [         60,         891],
       [         63,         894],
       [         63,         897],
       [         69,         897],
       [         72,         900],
       [        111,         900],
       [        114,         903],
       [        126,         903],
       [        129,         900],
       [        132,         900],
       [        135,         897],
       [        138,         897],
       [        141,         894],
       [        141,         843],
       [        138,         840]], dtype=float32)]
xyn: [array([[   0.032812,     0.77778],
       [    0.03125,     0.78056],
       [    0.03125,       0.825],
       [   0.032812,     0.82778],
       [   0.032812,     0.83056],
       [   0.035937,     0.83056],
       [     0.0375,     0.83333],
       [   0.057813,     0.83333],
       [   0.059375,     0.83611],
       [   0.065625,     0.83611],
       [   0.067188,     0.83333],
       [    0.06875,     0.83333],
       [   0.070312,     0.83056],
       [   0.071875,     0.83056],
       [   0.073437,     0.82778],
       [   0.073437,     0.78056],
       [   0.071875,     0.77778]], dtype=float32)]
Car #17 Mask Coordinates:
ultralytics.engine.results.Masks object with attributes:

data: tensor([[[0., 0., 0.,  ..., 0., 0., 0.],
         [0., 0., 0.,  ..., 0., 0., 0.],
         [0., 0., 0.,  ..., 0., 0., 0.],
         ...,
         [0., 0., 0.,  ..., 0., 0., 0.],
         [0., 0., 0.,  ..., 0., 0., 0.],
         [0., 0., 0.,  ..., 0., 0., 0.]]])
orig_shape: (1080, 1920)
shape: torch.Size([1, 384, 640])
xy: [array([[       1767,         288],
       [       1764,         291],
       [       1764,         315],
       [       1770,         321],
       [       1782,         321],
       [       1785,         324],
       [       1788,         324],
       [       1794,         330],
       [       1797,         330],
       [       1800,         333],
       [       1809,         333],
       [       1812,         336],
       [       1815,         336],
       [       1821,         342],
       [       1824,         342],
       [       1827,         345],
       [       1836,         345],
       [       1839,         348],
       [       1842,         348],
       [       1845,         345],
       [       1854,         345],
       [       1854,         342],
       [       1857,         339],
       [       1857,         324],
       [       1854,         321],
       [       1854,         318],
       [       1839,         303],
       [       1836,         303],
       [       1824,         291],
       [       1821,         291],
       [       1818,         288]], dtype=float32)]
xyn: [array([[    0.92031,     0.26667],
       [    0.91875,     0.26944],
       [    0.91875,     0.29167],
       [    0.92188,     0.29722],
       [    0.92813,     0.29722],
       [    0.92969,         0.3],
       [    0.93125,         0.3],
       [    0.93437,     0.30556],
       [    0.93594,     0.30556],
       [     0.9375,     0.30833],
       [    0.94219,     0.30833],
       [    0.94375,     0.31111],
       [    0.94531,     0.31111],
       [    0.94844,     0.31667],
       [       0.95,     0.31667],
       [    0.95156,     0.31944],
       [    0.95625,     0.31944],
       [    0.95781,     0.32222],
       [    0.95938,     0.32222],
       [    0.96094,     0.31944],
       [    0.96562,     0.31944],
       [    0.96562,     0.31667],
       [    0.96719,     0.31389],
       [    0.96719,         0.3],
       [    0.96562,     0.29722],
       [    0.96562,     0.29444],
       [    0.95781,     0.28056],
       [    0.95625,     0.28056],
       [       0.95,     0.26944],
       [    0.94844,     0.26944],
       [    0.94687,     0.26667]], dtype=float32)]
Car #18 Mask Coordinates:
ultralytics.engine.results.Masks object with attributes:

data: tensor([[[0., 0., 0.,  ..., 0., 0., 0.],
         [0., 0., 0.,  ..., 0., 0., 0.],
         [0., 0., 0.,  ..., 0., 0., 0.],
         ...,
         [0., 0., 0.,  ..., 0., 0., 0.],
         [0., 0., 0.,  ..., 0., 0., 0.],
         [0., 0., 0.,  ..., 0., 0., 0.]]])
orig_shape: (1080, 1920)
shape: torch.Size([1, 384, 640])
xy: [array([[       1437,         804],
       [       1434,         807],
       [       1422,         807],
       [       1419,         810],
       [       1413,         810],
       [       1410,         813],
       [       1401,         813],
       [       1398,         816],
       [       1374,         816],
       [       1368,         822],
       [       1368,         882],
       [       1371,         885],
       [       1371,         888],
       [       1380,         897],
       [       1437,         897],
       [       1440,         900],
       [       1458,         900],
       [       1461,         897],
       [       1482,         897],
       [       1485,         894],
       [       1500,         894],
       [       1503,         891],
       [       1512,         891],
       [       1515,         888],
       [       1527,         888],
       [       1530,         885],
       [       1545,         885],
       [       1548,         882],
       [       1551,         882],
       [       1560,         873],
       [       1563,         873],
       [       1566,         870],
       [       1566,         867],
       [       1569,         864],
       [       1569,         831],
       [       1566,         828],
       [       1566,         825],
       [       1563,         822],
       [       1563,         819],
       [       1560,         816],
       [       1560,         813],
       [       1557,         810],
       [       1557,         807],
       [       1554,         804]], dtype=float32)]
xyn: [array([[    0.74844,     0.74444],
       [    0.74687,     0.74722],
       [    0.74063,     0.74722],
       [    0.73906,        0.75],
       [    0.73594,        0.75],
       [    0.73438,     0.75278],
       [    0.72969,     0.75278],
       [    0.72812,     0.75556],
       [    0.71562,     0.75556],
       [     0.7125,     0.76111],
       [     0.7125,     0.81667],
       [    0.71406,     0.81944],
       [    0.71406,     0.82222],
       [    0.71875,     0.83056],
       [    0.74844,     0.83056],
       [       0.75,     0.83333],
       [    0.75937,     0.83333],
       [    0.76094,     0.83056],
       [    0.77188,     0.83056],
       [    0.77344,     0.82778],
       [    0.78125,     0.82778],
       [    0.78281,       0.825],
       [     0.7875,       0.825],
       [    0.78906,     0.82222],
       [    0.79531,     0.82222],
       [    0.79688,     0.81944],
       [    0.80469,     0.81944],
       [    0.80625,     0.81667],
       [    0.80781,     0.81667],
       [     0.8125,     0.80833],
       [    0.81406,     0.80833],
       [    0.81563,     0.80556],
       [    0.81563,     0.80278],
       [    0.81719,         0.8],
       [    0.81719,     0.76944],
       [    0.81563,     0.76667],
       [    0.81563,     0.76389],
       [    0.81406,     0.76111],
       [    0.81406,     0.75833],
       [     0.8125,     0.75556],
       [     0.8125,     0.75278],
       [    0.81094,        0.75],
       [    0.81094,     0.74722],
       [    0.80937,     0.74444]], dtype=float32)]
Car #19 Mask Coordinates:
ultralytics.engine.results.Masks object with attributes:

data: tensor([[[0., 0., 0.,  ..., 0., 0., 0.],
         [0., 0., 0.,  ..., 0., 0., 0.],
         [0., 0., 0.,  ..., 0., 0., 0.],
         ...,
         [0., 0., 0.,  ..., 0., 0., 0.],
         [0., 0., 0.,  ..., 0., 0., 0.],
         [0., 0., 0.,  ..., 0., 0., 0.]]])
orig_shape: (1080, 1920)
shape: torch.Size([1, 384, 640])
xy: [array([[       1539,         144],
       [       1536,         147],
       [       1536,         174],
       [       1539,         177],
       [       1542,         177],
       [       1545,         180],
       [       1548,         180],
       [       1554,         186],
       [       1557,         186],
       [       1560,         189],
       [       1566,         189],
       [       1587,         210],
       [       1590,         210],
       [       1593,         213],
       [       1614,         213],
       [       1617,         210],
       [       1623,         210],
       [       1626,         207],
       [       1626,         204],
       [       1629,         201],
       [       1629,         192],
       [       1626,         189],
       [       1626,         183],
       [       1623,         183],
       [       1620,         180],
       [       1620,         177],
       [       1599,         156],
       [       1596,         156],
       [       1587,         147],
       [       1584,         147],
       [       1581,         144]], dtype=float32)]
xyn: [array([[    0.80156,     0.13333],
       [        0.8,     0.13611],
       [        0.8,     0.16111],
       [    0.80156,     0.16389],
       [    0.80313,     0.16389],
       [    0.80469,     0.16667],
       [    0.80625,     0.16667],
       [    0.80937,     0.17222],
       [    0.81094,     0.17222],
       [     0.8125,       0.175],
       [    0.81563,       0.175],
       [    0.82656,     0.19444],
       [    0.82812,     0.19444],
       [    0.82969,     0.19722],
       [    0.84062,     0.19722],
       [    0.84219,     0.19444],
       [    0.84531,     0.19444],
       [    0.84688,     0.19167],
       [    0.84688,     0.18889],
       [    0.84844,     0.18611],
       [    0.84844,     0.17778],
       [    0.84688,       0.175],
       [    0.84688,     0.16944],
       [    0.84531,     0.16944],
       [    0.84375,     0.16667],
       [    0.84375,     0.16389],
       [    0.83281,     0.14444],
       [    0.83125,     0.14444],
       [    0.82656,     0.13611],
       [      0.825,     0.13611],
       [    0.82344,     0.13333]], dtype=float32)]
Car #20 Mask Coordinates:
ultralytics.engine.results.Masks object with attributes:

data: tensor([[[0., 0., 0.,  ..., 0., 0., 0.],
         [0., 0., 0.,  ..., 0., 0., 0.],
         [0., 0., 0.,  ..., 0., 0., 0.],
         ...,
         [0., 0., 0.,  ..., 0., 0., 0.],
         [0., 0., 0.,  ..., 0., 0., 0.],
         [0., 0., 0.,  ..., 0., 0., 0.]]])
orig_shape: (1080, 1920)
shape: torch.Size([1, 384, 640])
xy: [array([[       1875,         660],
       [       1872,         663],
       [       1872,         726],
       [       1875,         729],
       [       1878,         729],
       [       1884,         735],
       [       1887,         735],
       [       1890,         738],
       [       1893,         738],
       [       1896,         741],
       [       1902,         741],
       [       1914,         753],
       [       1917,         753],
       [       1917,         660]], dtype=float32)]
xyn: [array([[    0.97656,     0.61111],
       [      0.975,     0.61389],
       [      0.975,     0.67222],
       [    0.97656,       0.675],
       [    0.97812,       0.675],
       [    0.98125,     0.68056],
       [    0.98281,     0.68056],
       [    0.98438,     0.68333],
       [    0.98594,     0.68333],
       [     0.9875,     0.68611],
       [    0.99063,     0.68611],
       [    0.99687,     0.69722],
       [    0.99844,     0.69722],
       [    0.99844,     0.61111]], dtype=float32)]
Car #21 Mask Coordinates:
ultralytics.engine.results.Masks object with attributes:

data: tensor([[[0., 0., 0.,  ..., 0., 0., 0.],
         [0., 0., 0.,  ..., 0., 0., 0.],
         [0., 0., 0.,  ..., 0., 0., 0.],
         ...,
         [0., 0., 0.,  ..., 0., 0., 0.],
         [0., 0., 0.,  ..., 0., 0., 0.],
         [0., 0., 0.,  ..., 0., 0., 0.]]])
orig_shape: (1080, 1920)
shape: torch.Size([1, 384, 640])
xy: [array([[       1527,         252],
       [       1521,         258],
       [       1521,         261],
       [       1515,         267],
       [       1515,         270],
       [       1512,         273],
       [       1512,         279],
       [       1500,         291],
       [       1500,         324],
       [       1503,         327],
       [       1503,         330],
       [       1506,         330],
       [       1509,         333],
       [       1518,         333],
       [       1524,         339],
       [       1527,         339],
       [       1530,         342],
       [       1545,         342],
       [       1554,         333],
       [       1554,         330],
       [       1557,         327],
       [       1557,         324],
       [       1566,         315],
       [       1566,         309],
       [       1569,         306],
       [       1569,         294],
       [       1572,         291],
       [       1572,         273],
       [       1569,         270],
       [       1569,         264],
       [       1566,         261],
       [       1566,         258],
       [       1563,         255],
       [       1560,         255],
       [       1557,         252]], dtype=float32)]
xyn: [array([[    0.79531,     0.23333],
       [    0.79219,     0.23889],
       [    0.79219,     0.24167],
       [    0.78906,     0.24722],
       [    0.78906,        0.25],
       [     0.7875,     0.25278],
       [     0.7875,     0.25833],
       [    0.78125,     0.26944],
       [    0.78125,         0.3],
       [    0.78281,     0.30278],
       [    0.78281,     0.30556],
       [    0.78438,     0.30556],
       [    0.78594,     0.30833],
       [    0.79062,     0.30833],
       [    0.79375,     0.31389],
       [    0.79531,     0.31389],
       [    0.79688,     0.31667],
       [    0.80469,     0.31667],
       [    0.80937,     0.30833],
       [    0.80937,     0.30556],
       [    0.81094,     0.30278],
       [    0.81094,         0.3],
       [    0.81563,     0.29167],
       [    0.81563,     0.28611],
       [    0.81719,     0.28333],
       [    0.81719,     0.27222],
       [    0.81875,     0.26944],
       [    0.81875,     0.25278],
       [    0.81719,        0.25],
       [    0.81719,     0.24444],
       [    0.81563,     0.24167],
       [    0.81563,     0.23889],
       [    0.81406,     0.23611],
       [     0.8125,     0.23611],
       [    0.81094,     0.23333]], dtype=float32)]
Car #22 Mask Coordinates:
ultralytics.engine.results.Masks object with attributes:

data: tensor([[[0., 0., 0.,  ..., 0., 0., 0.],
         [0., 0., 0.,  ..., 0., 0., 0.],
         [0., 0., 0.,  ..., 0., 0., 0.],
         ...,
         [0., 0., 0.,  ..., 0., 0., 0.],
         [0., 0., 0.,  ..., 0., 0., 0.],
         [0., 0., 0.,  ..., 0., 0., 0.]]])
orig_shape: (1080, 1920)
shape: torch.Size([1, 384, 640])
xy: [array([[         15,         660],
       [         12,         663],
       [         12,         711],
       [         18,         717],
       [         27,         717],
       [         30,         714],
       [         36,         714],
       [         48,         702],
       [         48,         696],
       [         51,         693],
       [         51,         675],
       [         54,         672],
       [         54,         663],
       [         48,         663],
       [         45,         660]], dtype=float32)]
xyn: [array([[  0.0078125,     0.61111],
       [    0.00625,     0.61389],
       [    0.00625,     0.65833],
       [   0.009375,     0.66389],
       [   0.014062,     0.66389],
       [   0.015625,     0.66111],
       [    0.01875,     0.66111],
       [      0.025,        0.65],
       [      0.025,     0.64444],
       [   0.026563,     0.64167],
       [   0.026563,       0.625],
       [   0.028125,     0.62222],
       [   0.028125,     0.61389],
       [      0.025,     0.61389],
       [   0.023438,     0.61111]], dtype=float32)]
Car #23 Mask Coordinates:
ultralytics.engine.results.Masks object with attributes:

data: tensor([[[0., 0., 0.,  ..., 0., 0., 0.],
         [0., 0., 0.,  ..., 0., 0., 0.],
         [0., 0., 0.,  ..., 0., 0., 0.],
         ...,
         [0., 0., 0.,  ..., 0., 0., 0.],
         [0., 0., 0.,  ..., 0., 0., 0.],
         [0., 0., 0.,  ..., 0., 0., 0.]]])
orig_shape: (1080, 1920)
shape: torch.Size([1, 384, 640])
xy: [array([[       1599,         300],
       [       1596,         303],
       [       1596,         375],
       [       1602,         381],
       [       1623,         381],
       [       1626,         378],
       [       1629,         378],
       [       1629,         372],
       [       1632,         369],
       [       1632,         342],
       [       1635,         339],
       [       1635,         333],
       [       1638,         330],
       [       1638,         327],
       [       1635,         324],
       [       1635,         315],
       [       1632,         312],
       [       1632,         309],
       [       1629,         306],
       [       1629,         303],
       [       1626,         300]], dtype=float32)]
xyn: [array([[    0.83281,     0.27778],
       [    0.83125,     0.28056],
       [    0.83125,     0.34722],
       [    0.83438,     0.35278],
       [    0.84531,     0.35278],
       [    0.84688,        0.35],
       [    0.84844,        0.35],
       [    0.84844,     0.34444],
       [       0.85,     0.34167],
       [       0.85,     0.31667],
       [    0.85156,     0.31389],
       [    0.85156,     0.30833],
       [    0.85312,     0.30556],
       [    0.85312,     0.30278],
       [    0.85156,         0.3],
       [    0.85156,     0.29167],
       [       0.85,     0.28889],
       [       0.85,     0.28611],
       [    0.84844,     0.28333],
       [    0.84844,     0.28056],
       [    0.84688,     0.27778]], dtype=float32)]
Car #24 Mask Coordinates:
ultralytics.engine.results.Masks object with attributes:

data: tensor([[[0., 0., 0.,  ..., 0., 0., 0.],
         [0., 0., 0.,  ..., 0., 0., 0.],
         [0., 0., 0.,  ..., 0., 0., 0.],
         ...,
         [0., 0., 0.,  ..., 0., 0., 0.],
         [0., 0., 0.,  ..., 0., 0., 0.],
         [0., 0., 0.,  ..., 0., 0., 0.]]])
orig_shape: (1080, 1920)
shape: torch.Size([1, 384, 640])
xy: [array([[         15,         852],
       [         12,         855],
       [         12,         891],
       [         18,         897],
       [         27,         897],
       [         30,         900],
       [         33,         900],
       [         39,         906],
       [         42,         906],
       [         48,         900],
       [         51,         900],
       [         54,         897],
       [         54,         858],
       [         51,         855],
       [         48,         855],
       [         45,         852]], dtype=float32)]
xyn: [array([[  0.0078125,     0.78889],
       [    0.00625,     0.79167],
       [    0.00625,       0.825],
       [   0.009375,     0.83056],
       [   0.014062,     0.83056],
       [   0.015625,     0.83333],
       [   0.017188,     0.83333],
       [   0.020312,     0.83889],
       [   0.021875,     0.83889],
       [      0.025,     0.83333],
       [   0.026563,     0.83333],
       [   0.028125,     0.83056],
       [   0.028125,     0.79444],
       [   0.026563,     0.79167],
       [      0.025,     0.79167],
       [   0.023438,     0.78889]], dtype=float32)]
Car #25 Mask Coordinates:
ultralytics.engine.results.Masks object with attributes:

data: tensor([[[0., 0., 0.,  ..., 0., 0., 0.],
         [0., 0., 0.,  ..., 0., 0., 0.],
         [0., 0., 0.,  ..., 0., 0., 0.],
         ...,
         [0., 0., 0.,  ..., 0., 0., 0.],
         [0., 0., 0.,  ..., 0., 0., 0.],
         [0., 0., 0.,  ..., 0., 0., 0.]]])
orig_shape: (1080, 1920)
shape: torch.Size([1, 384, 640])
xy: [array([[       1479,          84],
       [       1476,          87],
       [       1476,         111],
       [       1482,         117],
       [       1485,         117],
       [       1494,         126],
       [       1497,         126],
       [       1500,         129],
       [       1503,         129],
       [       1506,         132],
       [       1509,         132],
       [       1512,         135],
       [       1512,         138],
       [       1515,         138],
       [       1518,         141],
       [       1539,         141],
       [       1545,         135],
       [       1545,         132],
       [       1548,         129],
       [       1548,         120],
       [       1545,         117],
       [       1545,         108],
       [       1542,         105],
       [       1542,         102],
       [       1536,          96],
       [       1533,          96],
       [       1530,          93],
       [       1527,          93],
       [       1518,          84]], dtype=float32)]
xyn: [array([[    0.77031,    0.077778],
       [    0.76875,    0.080556],
       [    0.76875,     0.10278],
       [    0.77188,     0.10833],
       [    0.77344,     0.10833],
       [    0.77812,     0.11667],
       [    0.77969,     0.11667],
       [    0.78125,     0.11944],
       [    0.78281,     0.11944],
       [    0.78438,     0.12222],
       [    0.78594,     0.12222],
       [     0.7875,       0.125],
       [     0.7875,     0.12778],
       [    0.78906,     0.12778],
       [    0.79062,     0.13056],
       [    0.80156,     0.13056],
       [    0.80469,       0.125],
       [    0.80469,     0.12222],
       [    0.80625,     0.11944],
       [    0.80625,     0.11111],
       [    0.80469,     0.10833],
       [    0.80469,         0.1],
       [    0.80313,    0.097222],
       [    0.80313,    0.094444],
       [        0.8,    0.088889],
       [    0.79844,    0.088889],
       [    0.79688,    0.086111],
       [    0.79531,    0.086111],
       [    0.79062,    0.077778]], dtype=float32)]
Car #26 Mask Coordinates:
ultralytics.engine.results.Masks object with attributes:

data: tensor([[[0., 0., 0.,  ..., 0., 0., 0.],
         [0., 0., 0.,  ..., 0., 0., 0.],
         [0., 0., 0.,  ..., 0., 0., 0.],
         ...,
         [0., 0., 0.,  ..., 0., 0., 0.],
         [0., 0., 0.,  ..., 0., 0., 0.],
         [0., 0., 0.,  ..., 0., 0., 0.]]])
orig_shape: (1080, 1920)
shape: torch.Size([1, 384, 640])
xy: [array([[       1347,          48],
       [       1344,          51],
       [       1344,          90],
       [       1347,          93],
       [       1347,          99],
       [       1350,         102],
       [       1353,         102],
       [       1356,         105],
       [       1389,         105],
       [       1392,         102],
       [       1395,         102],
       [       1395,          90],
       [       1392,          87],
       [       1392,          81],
       [       1389,          78],
       [       1389,          63],
       [       1374,          48]], dtype=float32)]
xyn: [array([[    0.70156,    0.044444],
       [        0.7,    0.047222],
       [        0.7,    0.083333],
       [    0.70156,    0.086111],
       [    0.70156,    0.091667],
       [    0.70312,    0.094444],
       [    0.70469,    0.094444],
       [    0.70625,    0.097222],
       [    0.72344,    0.097222],
       [      0.725,    0.094444],
       [    0.72656,    0.094444],
       [    0.72656,    0.083333],
       [      0.725,    0.080556],
       [      0.725,       0.075],
       [    0.72344,    0.072222],
       [    0.72344,    0.058333],
       [    0.71562,    0.044444]], dtype=float32)]
Car #27 Mask Coordinates:
ultralytics.engine.results.Masks object with attributes:

data: tensor([[[0., 0., 0.,  ..., 0., 0., 0.],
         [0., 0., 0.,  ..., 0., 0., 0.],
         [0., 0., 0.,  ..., 0., 0., 0.],
         ...,
         [0., 0., 0.,  ..., 0., 0., 0.],
         [0., 0., 0.,  ..., 0., 0., 0.],
         [0., 0., 0.,  ..., 0., 0., 0.]]])
orig_shape: (1080, 1920)
shape: torch.Size([1, 384, 640])
xy: [array([[       1476,         228],
       [       1473,         231],
       [       1467,         231],
       [       1467,         234],
       [       1464,         237],
       [       1461,         237],
       [       1452,         246],
       [       1452,         282],
       [       1458,         288],
       [       1470,         288],
       [       1476,         294],
       [       1482,         294],
       [       1494,         282],
       [       1494,         279],
       [       1500,         273],
       [       1500,         270],
       [       1509,         261],
       [       1509,         258],
       [       1521,         246],
       [       1521,         231],
       [       1518,         228]], dtype=float32)]
xyn: [array([[    0.76875,     0.21111],
       [    0.76719,     0.21389],
       [    0.76406,     0.21389],
       [    0.76406,     0.21667],
       [     0.7625,     0.21944],
       [    0.76094,     0.21944],
       [    0.75625,     0.22778],
       [    0.75625,     0.26111],
       [    0.75937,     0.26667],
       [    0.76562,     0.26667],
       [    0.76875,     0.27222],
       [    0.77188,     0.27222],
       [    0.77812,     0.26111],
       [    0.77812,     0.25833],
       [    0.78125,     0.25278],
       [    0.78125,        0.25],
       [    0.78594,     0.24167],
       [    0.78594,     0.23889],
       [    0.79219,     0.22778],
       [    0.79219,     0.21389],
       [    0.79062,     0.21111]], dtype=float32)]
Car #28 Mask Coordinates:
ultralytics.engine.results.Masks object with attributes:

data: tensor([[[0., 0., 0.,  ..., 0., 0., 0.],
         [0., 0., 0.,  ..., 0., 0., 0.],
         [0., 0., 0.,  ..., 0., 0., 0.],
         ...,
         [0., 0., 0.,  ..., 0., 0., 0.],
         [0., 0., 0.,  ..., 0., 0., 0.],
         [0., 0., 0.,  ..., 0., 0., 0.]]])
orig_shape: (1080, 1920)
shape: torch.Size([1, 384, 640])
xy: [array([[       1422,         192],
       [       1404,         210],
       [       1404,         213],
       [       1395,         222],
       [       1395,         225],
       [       1392,         228],
       [       1392,         249],
       [       1395,         252],
       [       1395,         255],
       [       1398,         258],
       [       1401,         258],
       [       1404,         261],
       [       1416,         261],
       [       1419,         264],
       [       1428,         264],
       [       1431,         261],
       [       1437,         261],
       [       1440,         258],
       [       1443,         258],
       [       1446,         255],
       [       1446,         252],
       [       1452,         246],
       [       1452,         243],
       [       1455,         240],
       [       1458,         240],
       [       1464,         234],
       [       1464,         231],
       [       1470,         225],
       [       1470,         219],
       [       1473,         216],
       [       1473,         210],
       [       1470,         207],
       [       1470,         204],
       [       1458,         192]], dtype=float32)]
xyn: [array([[    0.74063,     0.17778],
       [    0.73125,     0.19444],
       [    0.73125,     0.19722],
       [    0.72656,     0.20556],
       [    0.72656,     0.20833],
       [      0.725,     0.21111],
       [      0.725,     0.23056],
       [    0.72656,     0.23333],
       [    0.72656,     0.23611],
       [    0.72812,     0.23889],
       [    0.72969,     0.23889],
       [    0.73125,     0.24167],
       [     0.7375,     0.24167],
       [    0.73906,     0.24444],
       [    0.74375,     0.24444],
       [    0.74531,     0.24167],
       [    0.74844,     0.24167],
       [       0.75,     0.23889],
       [    0.75156,     0.23889],
       [    0.75313,     0.23611],
       [    0.75313,     0.23333],
       [    0.75625,     0.22778],
       [    0.75625,       0.225],
       [    0.75781,     0.22222],
       [    0.75937,     0.22222],
       [     0.7625,     0.21667],
       [     0.7625,     0.21389],
       [    0.76562,     0.20833],
       [    0.76562,     0.20278],
       [    0.76719,         0.2],
       [    0.76719,     0.19444],
       [    0.76562,     0.19167],
       [    0.76562,     0.18889],
       [    0.75937,     0.17778]], dtype=float32)]
Car #29 Mask Coordinates:
ultralytics.engine.results.Masks object with attributes:

data: tensor([[[0., 0., 0.,  ..., 0., 0., 0.],
         [0., 0., 0.,  ..., 0., 0., 0.],
         [0., 0., 0.,  ..., 0., 0., 0.],
         ...,
         [0., 0., 0.,  ..., 0., 0., 0.],
         [0., 0., 0.,  ..., 0., 0., 0.],
         [0., 0., 0.,  ..., 0., 0., 0.]]])
orig_shape: (1080, 1920)
shape: torch.Size([1, 384, 640])
xy: [array([[       1851,         432],
       [       1848,         435],
       [       1848,         477],
       [       1851,         480],
       [       1851,         486],
       [       1854,         489],
       [       1854,         492],
       [       1857,         495],
       [       1857,         498],
       [       1860,         501],
       [       1860,         504],
       [       1875,         519],
       [       1875,         522],
       [       1878,         522],
       [       1881,         525],
       [       1884,         525],
       [       1887,         528],
       [       1890,         528],
       [       1893,         531],
       [       1899,         531],
       [       1902,         534],
       [       1905,         531],
       [       1917,         531],
       [       1914,         531],
       [       1905,         522],
       [       1908,         519],
       [       1908,         516],
       [       1911,         513],
       [       1917,         513],
       [       1917,         483],
       [       1914,         483],
       [       1908,         477],
       [       1908,         474],
       [       1905,         471],
       [       1905,         462],
       [       1902,         459],
       [       1902,         456],
       [       1896,         450],
       [       1896,         447],
       [       1893,         444],
       [       1893,         438],
       [       1887,         432]], dtype=float32)]
xyn: [array([[    0.96406,         0.4],
       [     0.9625,     0.40278],
       [     0.9625,     0.44167],
       [    0.96406,     0.44444],
       [    0.96406,        0.45],
       [    0.96562,     0.45278],
       [    0.96562,     0.45556],
       [    0.96719,     0.45833],
       [    0.96719,     0.46111],
       [    0.96875,     0.46389],
       [    0.96875,     0.46667],
       [    0.97656,     0.48056],
       [    0.97656,     0.48333],
       [    0.97812,     0.48333],
       [    0.97969,     0.48611],
       [    0.98125,     0.48611],
       [    0.98281,     0.48889],
       [    0.98438,     0.48889],
       [    0.98594,     0.49167],
       [    0.98906,     0.49167],
       [    0.99063,     0.49444],
       [    0.99219,     0.49167],
       [    0.99844,     0.49167],
       [    0.99687,     0.49167],
       [    0.99219,     0.48333],
       [    0.99375,     0.48056],
       [    0.99375,     0.47778],
       [    0.99531,       0.475],
       [    0.99844,       0.475],
       [    0.99844,     0.44722],
       [    0.99687,     0.44722],
       [    0.99375,     0.44167],
       [    0.99375,     0.43889],
       [    0.99219,     0.43611],
       [    0.99219,     0.42778],
       [    0.99063,       0.425],
       [    0.99063,     0.42222],
       [     0.9875,     0.41667],
       [     0.9875,     0.41389],
       [    0.98594,     0.41111],
       [    0.98594,     0.40556],
       [    0.98281,         0.4]], dtype=float32)]
Car #30 Mask Coordinates:
ultralytics.engine.results.Masks object with attributes:

data: tensor([[[0., 0., 0.,  ..., 0., 0., 0.],
         [0., 0., 0.,  ..., 0., 0., 0.],
         [0., 0., 0.,  ..., 0., 0., 0.],
         ...,
         [0., 0., 0.,  ..., 0., 0., 0.],
         [0., 0., 0.,  ..., 0., 0., 0.],
         [0., 0., 0.,  ..., 0., 0., 0.]]])
orig_shape: (1080, 1920)
shape: torch.Size([1, 384, 640])
xy: [array([[       1779,         408],
       [       1776,         411],
       [       1776,         453],
       [       1779,         456],
       [       1779,         462],
       [       1791,         474],
       [       1833,         474],
       [       1836,         471],
       [       1836,         465],
       [       1839,         462],
       [       1836,         459],
       [       1836,         453],
       [       1833,         450],
       [       1833,         432],
       [       1830,         429],
       [       1830,         426],
       [       1824,         420],
       [       1824,         417],
       [       1821,         414],
       [       1821,         411],
       [       1818,         408]], dtype=float32)]
xyn: [array([[    0.92656,     0.37778],
       [      0.925,     0.38056],
       [      0.925,     0.41944],
       [    0.92656,     0.42222],
       [    0.92656,     0.42778],
       [    0.93281,     0.43889],
       [    0.95469,     0.43889],
       [    0.95625,     0.43611],
       [    0.95625,     0.43056],
       [    0.95781,     0.42778],
       [    0.95625,       0.425],
       [    0.95625,     0.41944],
       [    0.95469,     0.41667],
       [    0.95469,         0.4],
       [    0.95312,     0.39722],
       [    0.95312,     0.39444],
       [       0.95,     0.38889],
       [       0.95,     0.38611],
       [    0.94844,     0.38333],
       [    0.94844,     0.38056],
       [    0.94687,     0.37778]], dtype=float32)]
Car #31 Mask Coordinates:
ultralytics.engine.results.Masks object with attributes:

data: tensor([[[0., 0., 0.,  ..., 0., 0., 0.],
         [0., 0., 0.,  ..., 0., 0., 0.],
         [0., 0., 0.,  ..., 0., 0., 0.],
         ...,
         [0., 0., 0.,  ..., 0., 0., 0.],
         [0., 0., 0.,  ..., 0., 0., 0.],
         [0., 0., 0.,  ..., 0., 0., 0.]]])
orig_shape: (1080, 1920)
shape: torch.Size([1, 384, 640])
xy: [array([[       1827,         264],
       [       1824,         267],
       [       1824,         285],
       [       1827,         288],
       [       1827,         291],
       [       1830,         294],
       [       1833,         294],
       [       1836,         297],
       [       1839,         297],
       [       1842,         300],
       [       1845,         297],
       [       1854,         297],
       [       1857,         300],
       [       1860,         300],
       [       1863,         303],
       [       1869,         303],
       [       1872,         300],
       [       1875,         300],
       [       1881,         294],
       [       1881,         279],
       [       1866,         264]], dtype=float32)]
xyn: [array([[    0.95156,     0.24444],
       [       0.95,     0.24722],
       [       0.95,     0.26389],
       [    0.95156,     0.26667],
       [    0.95156,     0.26944],
       [    0.95312,     0.27222],
       [    0.95469,     0.27222],
       [    0.95625,       0.275],
       [    0.95781,       0.275],
       [    0.95938,     0.27778],
       [    0.96094,       0.275],
       [    0.96562,       0.275],
       [    0.96719,     0.27778],
       [    0.96875,     0.27778],
       [    0.97031,     0.28056],
       [    0.97344,     0.28056],
       [      0.975,     0.27778],
       [    0.97656,     0.27778],
       [    0.97969,     0.27222],
       [    0.97969,     0.25833],
       [    0.97188,     0.24444]], dtype=float32)]
Car #32 Mask Coordinates:
ultralytics.engine.results.Masks object with attributes:

data: tensor([[[0., 0., 0.,  ..., 0., 0., 0.],
         [0., 0., 0.,  ..., 0., 0., 0.],
         [0., 0., 0.,  ..., 0., 0., 0.],
         ...,
         [0., 0., 0.,  ..., 0., 0., 0.],
         [0., 0., 0.,  ..., 0., 0., 0.],
         [0., 0., 0.,  ..., 0., 0., 0.]]])
orig_shape: (1080, 1920)
shape: torch.Size([1, 384, 640])
xy: [array([[        864,         804],
       [        861,         807],
       [        855,         807],
       [        846,         816],
       [        843,         816],
       [        828,         831],
       [        828,         891],
       [        831,         894],
       [        831,         897],
       [        834,         897],
       [        840,         903],
       [        840,         906],
       [        843,         909],
       [        846,         909],
       [        849,         912],
       [        852,         912],
       [        858,         918],
       [        915,         918],
       [        918,         915],
       [        918,         912],
       [        921,         909],
       [        921,         903],
       [        918,         900],
       [        918,         891],
       [        924,         885],
       [        927,         885],
       [        930,         882],
       [        930,         879],
       [        933,         876],
       [        933,         831],
       [        936,         828],
       [        936,         822],
       [        939,         819],
       [        939,         816],
       [        942,         813],
       [        942,         807],
       [        939,         807],
       [        936,         804]], dtype=float32)]
xyn: [array([[       0.45,     0.74444],
       [    0.44844,     0.74722],
       [    0.44531,     0.74722],
       [    0.44063,     0.75556],
       [    0.43906,     0.75556],
       [    0.43125,     0.76944],
       [    0.43125,       0.825],
       [    0.43281,     0.82778],
       [    0.43281,     0.83056],
       [    0.43437,     0.83056],
       [     0.4375,     0.83611],
       [     0.4375,     0.83889],
       [    0.43906,     0.84167],
       [    0.44063,     0.84167],
       [    0.44219,     0.84444],
       [    0.44375,     0.84444],
       [    0.44688,        0.85],
       [    0.47656,        0.85],
       [    0.47813,     0.84722],
       [    0.47813,     0.84444],
       [    0.47969,     0.84167],
       [    0.47969,     0.83611],
       [    0.47813,     0.83333],
       [    0.47813,       0.825],
       [    0.48125,     0.81944],
       [    0.48281,     0.81944],
       [    0.48438,     0.81667],
       [    0.48438,     0.81389],
       [    0.48594,     0.81111],
       [    0.48594,     0.76944],
       [     0.4875,     0.76667],
       [     0.4875,     0.76111],
       [    0.48906,     0.75833],
       [    0.48906,     0.75556],
       [    0.49062,     0.75278],
       [    0.49062,     0.74722],
       [    0.48906,     0.74722],
       [     0.4875,     0.74444]], dtype=float32)]
Car #33 Mask Coordinates:
ultralytics.engine.results.Masks object with attributes:

data: tensor([[[0., 0., 0.,  ..., 0., 0., 0.],
         [0., 0., 0.,  ..., 0., 0., 0.],
         [0., 0., 0.,  ..., 0., 0., 0.],
         ...,
         [0., 0., 0.,  ..., 0., 0., 0.],
         [0., 0., 0.,  ..., 0., 0., 0.],
         [0., 0., 0.,  ..., 0., 0., 0.]]])
orig_shape: (1080, 1920)
shape: torch.Size([1, 384, 640])
xy: [array([[       1827,          84],
       [       1824,          87],
       [       1824,         102],
       [       1836,         114],
       [       1866,         114],
       [       1869,         111],
       [       1869,          90],
       [       1866,          87],
       [       1863,          87],
       [       1860,          84]], dtype=float32)]
xyn: [array([[    0.95156,    0.077778],
       [       0.95,    0.080556],
       [       0.95,    0.094444],
       [    0.95625,     0.10556],
       [    0.97188,     0.10556],
       [    0.97344,     0.10278],
       [    0.97344,    0.083333],
       [    0.97188,    0.080556],
       [    0.97031,    0.080556],
       [    0.96875,    0.077778]], dtype=float32)]
Car #34 Mask Coordinates:
ultralytics.engine.results.Masks object with attributes:

data: tensor([[[0., 0., 0.,  ..., 0., 0., 0.],
         [0., 0., 0.,  ..., 0., 0., 0.],
         [0., 0., 0.,  ..., 0., 0., 0.],
         ...,
         [0., 0., 0.,  ..., 0., 0., 0.],
         [0., 0., 0.,  ..., 0., 0., 0.],
         [0., 0., 0.,  ..., 0., 0., 0.]]])
orig_shape: (1080, 1920)
shape: torch.Size([1, 384, 640])
xy: [array([[        891,         816],
       [        888,         819],
       [        888,         906],
       [        891,         909],
       [        891,         915],
       [        894,         918],
       [        897,         918],
       [        900,         915],
       [        912,         915],
       [        915,         918],
       [        918,         918],
       [        921,         921],
       [        921,         924],
       [        924,         927],
       [        924,         930],
       [        936,         930],
       [        942,         924],
       [        951,         924],
       [        954,         921],
       [       1041,         921],
       [       1044,         918],
       [       1050,         918],
       [       1059,         909],
       [       1062,         909],
       [       1071,         900],
       [       1074,         900],
       [       1077,         897],
       [       1077,         894],
       [       1080,         891],
       [       1080,         888],
       [       1086,         882],
       [       1086,         876],
       [       1089,         873],
       [       1089,         852],
       [       1086,         849],
       [       1086,         840],
       [       1083,         837],
       [       1083,         834],
       [       1080,         831],
       [       1080,         828],
       [       1077,         825],
       [       1077,         819],
       [       1074,         816]], dtype=float32)]
xyn: [array([[    0.46406,     0.75556],
       [     0.4625,     0.75833],
       [     0.4625,     0.83889],
       [    0.46406,     0.84167],
       [    0.46406,     0.84722],
       [    0.46562,        0.85],
       [    0.46719,        0.85],
       [    0.46875,     0.84722],
       [      0.475,     0.84722],
       [    0.47656,        0.85],
       [    0.47813,        0.85],
       [    0.47969,     0.85278],
       [    0.47969,     0.85556],
       [    0.48125,     0.85833],
       [    0.48125,     0.86111],
       [     0.4875,     0.86111],
       [    0.49062,     0.85556],
       [    0.49531,     0.85556],
       [    0.49687,     0.85278],
       [    0.54219,     0.85278],
       [    0.54375,        0.85],
       [    0.54688,        0.85],
       [    0.55156,     0.84167],
       [    0.55313,     0.84167],
       [    0.55781,     0.83333],
       [    0.55937,     0.83333],
       [    0.56094,     0.83056],
       [    0.56094,     0.82778],
       [     0.5625,       0.825],
       [     0.5625,     0.82222],
       [    0.56563,     0.81667],
       [    0.56563,     0.81111],
       [    0.56719,     0.80833],
       [    0.56719,     0.78889],
       [    0.56563,     0.78611],
       [    0.56563,     0.77778],
       [    0.56406,       0.775],
       [    0.56406,     0.77222],
       [     0.5625,     0.76944],
       [     0.5625,     0.76667],
       [    0.56094,     0.76389],
       [    0.56094,     0.75833],
       [    0.55937,     0.75556]], dtype=float32)]
Car #35 Mask Coordinates:
ultralytics.engine.results.Masks object with attributes:

data: tensor([[[0., 0., 0.,  ..., 0., 0., 0.],
         [0., 0., 0.,  ..., 0., 0., 0.],
         [0., 0., 0.,  ..., 0., 0., 0.],
         ...,
         [0., 0., 0.,  ..., 0., 0., 0.],
         [0., 0., 0.,  ..., 0., 0., 0.],
         [0., 0., 0.,  ..., 0., 0., 0.]]])
orig_shape: (1080, 1920)
shape: torch.Size([1, 384, 640])
xy: [array([[       1659,         336],
       [       1656,         339],
       [       1656,         378],
       [       1659,         381],
       [       1659,         384],
       [       1662,         387],
       [       1662,         393],
       [       1659,         396],
       [       1659,         405],
       [       1662,         408],
       [       1662,         411],
       [       1668,         417],
       [       1704,         417],
       [       1707,         414],
       [       1710,         414],
       [       1710,         393],
       [       1707,         390],
       [       1707,         387],
       [       1704,         384],
       [       1704,         381],
       [       1701,         378],
       [       1701,         357],
       [       1698,         354],
       [       1698,         351],
       [       1689,         342],
       [       1689,         339],
       [       1686,         336]], dtype=float32)]
xyn: [array([[    0.86406,     0.31111],
       [     0.8625,     0.31389],
       [     0.8625,        0.35],
       [    0.86406,     0.35278],
       [    0.86406,     0.35556],
       [    0.86563,     0.35833],
       [    0.86563,     0.36389],
       [    0.86406,     0.36667],
       [    0.86406,       0.375],
       [    0.86563,     0.37778],
       [    0.86563,     0.38056],
       [    0.86875,     0.38611],
       [     0.8875,     0.38611],
       [    0.88906,     0.38333],
       [    0.89062,     0.38333],
       [    0.89062,     0.36389],
       [    0.88906,     0.36111],
       [    0.88906,     0.35833],
       [     0.8875,     0.35556],
       [     0.8875,     0.35278],
       [    0.88594,        0.35],
       [    0.88594,     0.33056],
       [    0.88437,     0.32778],
       [    0.88437,       0.325],
       [    0.87969,     0.31667],
       [    0.87969,     0.31389],
       [    0.87813,     0.31111]], dtype=float32)]
Car #36 Mask Coordinates:
ultralytics.engine.results.Masks object with attributes:

data: tensor([[[0., 0., 0.,  ..., 0., 0., 0.],
         [0., 0., 0.,  ..., 0., 0., 0.],
         [0., 0., 0.,  ..., 0., 0., 0.],
         ...,
         [0., 0., 0.,  ..., 0., 0., 0.],
         [0., 0., 0.,  ..., 0., 0., 0.],
         [0., 0., 0.,  ..., 0., 0., 0.]]])
orig_shape: (1080, 1920)
shape: torch.Size([1, 384, 640])
xy: [array([[       1782,         216],
       [       1776,         222],
       [       1776,         246],
       [       1779,         249],
       [       1791,         249],
       [       1794,         252],
       [       1797,         252],
       [       1800,         255],
       [       1803,         255],
       [       1815,         267],
       [       1818,         267],
       [       1827,         258],
       [       1827,         255],
       [       1833,         249],
       [       1836,         249],
       [       1839,         246],
       [       1842,         246],
       [       1842,         243],
       [       1839,         240],
       [       1839,         237],
       [       1830,         228],
       [       1830,         225],
       [       1824,         219],
       [       1821,         219],
       [       1818,         216]], dtype=float32)]
xyn: [array([[    0.92813,         0.2],
       [      0.925,     0.20556],
       [      0.925,     0.22778],
       [    0.92656,     0.23056],
       [    0.93281,     0.23056],
       [    0.93437,     0.23333],
       [    0.93594,     0.23333],
       [     0.9375,     0.23611],
       [    0.93906,     0.23611],
       [    0.94531,     0.24722],
       [    0.94687,     0.24722],
       [    0.95156,     0.23889],
       [    0.95156,     0.23611],
       [    0.95469,     0.23056],
       [    0.95625,     0.23056],
       [    0.95781,     0.22778],
       [    0.95938,     0.22778],
       [    0.95938,       0.225],
       [    0.95781,     0.22222],
       [    0.95781,     0.21944],
       [    0.95312,     0.21111],
       [    0.95312,     0.20833],
       [       0.95,     0.20278],
       [    0.94844,     0.20278],
       [    0.94687,         0.2]], dtype=float32)]
Car #37 Mask Coordinates:
ultralytics.engine.results.Masks object with attributes:

data: tensor([[[0., 0., 0.,  ..., 0., 0., 0.],
         [0., 0., 0.,  ..., 0., 0., 0.],
         [0., 0., 0.,  ..., 0., 0., 0.],
         ...,
         [0., 0., 0.,  ..., 0., 0., 0.],
         [0., 0., 0.,  ..., 0., 0., 0.],
         [0., 0., 0.,  ..., 0., 0., 0.]]])
orig_shape: (1080, 1920)
shape: torch.Size([1, 384, 640])
xy: [array([[        603,        1020],
       [        600,        1023],
       [        600,        1038],
       [        603,        1041],
       [        642,        1041],
       [        645,        1038],
       [        645,        1023],
       [        642,        1020]], dtype=float32)]
xyn: [array([[    0.31406,     0.94444],
       [     0.3125,     0.94722],
       [     0.3125,     0.96111],
       [    0.31406,     0.96389],
       [    0.33437,     0.96389],
       [    0.33594,     0.96111],
       [    0.33594,     0.94722],
       [    0.33437,     0.94444]], dtype=float32)]
Car #38 Mask Coordinates:
ultralytics.engine.results.Masks object with attributes:

data: tensor([[[0., 0., 0.,  ..., 0., 0., 0.],
         [0., 0., 0.,  ..., 0., 0., 0.],
         [0., 0., 0.,  ..., 0., 0., 0.],
         ...,
         [0., 0., 0.,  ..., 0., 0., 0.],
         [0., 0., 0.,  ..., 0., 0., 0.],
         [0., 0., 0.,  ..., 0., 0., 0.]]])
orig_shape: (1080, 1920)
shape: torch.Size([1, 384, 640])
xy: [array([[       1770,         156],
       [       1764,         162],
       [       1764,         171],
       [       1770,         177],
       [       1776,         177],
       [       1779,         174],
       [       1803,         174],
       [       1803,         168],
       [       1800,         165],
       [       1800,         162],
       [       1797,         159],
       [       1794,         159],
       [       1791,         156]], dtype=float32)]
xyn: [array([[    0.92188,     0.14444],
       [    0.91875,        0.15],
       [    0.91875,     0.15833],
       [    0.92188,     0.16389],
       [      0.925,     0.16389],
       [    0.92656,     0.16111],
       [    0.93906,     0.16111],
       [    0.93906,     0.15556],
       [     0.9375,     0.15278],
       [     0.9375,        0.15],
       [    0.93594,     0.14722],
       [    0.93437,     0.14722],
       [    0.93281,     0.14444]], dtype=float32)]
