2 0.291815 0.51689 0.0915223 0.0932792 0.880413
2 0.915224 0.57126 0.0777575 0.118432 0.808707
2 0.509297 0.48059 0.0581472 0.14632 0.79304
2 0.748118 0.213256 0.0384455 0.0673022 0.782487
2 0.830327 0.505735 0.0672441 0.0827927 0.761252
2 0.958774 0.258667 0.0415253 0.0488173 0.74838
2 0.798339 0.272588 0.03236 0.0847336 0.737704
2 0.140868 0.552558 0.0623156 0.084856 0.710742
2 0.745699 0.786896 0.10332 0.0909017 0.666615
2 0.884847 0.232883 0.0501991 0.0664654 0.581574
2 0.625208 0.766463 0.106379 0.097285 0.55952
2 0.777133 0.0740704 0.0476316 0.052774 0.421724
2 0.210661 0.787518 0.0902731 0.0924174 0.405577
2 0.941976 0.215514 0.0359123 0.0474143 0.386494
2 0.0748644 0.593699 0.0562147 0.0766442 0.379214
2 0.989759 0.171983 0.0197411 0.0393654 0.336193
2 0.959151 0.088442 0.0323931 0.0313001 0.334843
2 0.979582 0.652309 0.0402359 0.113341 0.308338
2 0.00687197 0.644148 0.0137274 0.0551163 0.265736
2 0.897455 0.856337 0.0829077 0.0821228 0.197318
2 0.984335 0.128068 0.0258751 0.0267803 0.177532
2 0.939403 0.412434 0.0350594 0.0633365 0.139875
2 0.981647 0.121246 0.029435 0.0387772 0.124287
2 0.775283 0.0217283 0.03657 0.041859 0.102731
2 0.923059 0.138677 0.0342337 0.0365117 0.0998062
2 0.971689 0.63901 0.025062 0.0789166 0.0724353
2 0.993607 0.642794 0.0120667 0.0573942 0.0661732
2 0.975007 0.118188 0.0164236 0.0342583 0.0629722
2 0.929296 0.175599 0.0370548 0.0495059 0.0592495
2 0.991349 0.443004 0.0163929 0.0843337 0.0572805
2 0.938677 0.218941 0.0442749 0.0558737 0.0536615
