Car #1 Mask Coordinates:
ultralytics.engine.results.Masks object with attributes:

data: tensor([[[0., 0., 0.,  ..., 0., 0., 0.],
         [0., 0., 0.,  ..., 0., 0., 0.],
         [0., 0., 0.,  ..., 0., 0., 0.],
         ...,
         [0., 0., 0.,  ..., 0., 0., 0.],
         [0., 0., 0.,  ..., 0., 0., 0.],
         [0., 0., 0.,  ..., 0., 0., 0.]]])
orig_shape: (1080, 1920)
shape: torch.Size([1, 384, 640])
xy: [array([[        519,         516],
       [        516,         519],
       [        513,         519],
       [        507,         525],
       [        504,         525],
       [        501,         528],
       [        495,         528],
       [        480,         543],
       [        480,         600],
       [        483,         603],
       [        483,         606],
       [        486,         606],
       [        489,         609],
       [        510,         609],
       [        513,         606],
       [        516,         606],
       [        519,         603],
       [        522,         603],
       [        525,         600],
       [        534,         600],
       [        537,         597],
       [        615,         597],
       [        624,         588],
       [        627,         588],
       [        642,         573],
       [        642,         570],
       [        645,         567],
       [        645,         537],
       [        642,         534],
       [        642,         531],
       [        636,         525],
       [        636,         522],
       [        630,         516]], dtype=float32)]
xyn: [array([[    0.27031,     0.47778],
       [    0.26875,     0.48056],
       [    0.26719,     0.48056],
       [    0.26406,     0.48611],
       [     0.2625,     0.48611],
       [    0.26094,     0.48889],
       [    0.25781,     0.48889],
       [       0.25,     0.50278],
       [       0.25,     0.55556],
       [    0.25156,     0.55833],
       [    0.25156,     0.56111],
       [    0.25313,     0.56111],
       [    0.25469,     0.56389],
       [    0.26562,     0.56389],
       [    0.26719,     0.56111],
       [    0.26875,     0.56111],
       [    0.27031,     0.55833],
       [    0.27187,     0.55833],
       [    0.27344,     0.55556],
       [    0.27812,     0.55556],
       [    0.27969,     0.55278],
       [    0.32031,     0.55278],
       [      0.325,     0.54444],
       [    0.32656,     0.54444],
       [    0.33437,     0.53056],
       [    0.33437,     0.52778],
       [    0.33594,       0.525],
       [    0.33594,     0.49722],
       [    0.33437,     0.49444],
       [    0.33437,     0.49167],
       [    0.33125,     0.48611],
       [    0.33125,     0.48333],
       [    0.32812,     0.47778]], dtype=float32)]
Car #2 Mask Coordinates:
ultralytics.engine.results.Masks object with attributes:

data: tensor([[[0., 0., 0.,  ..., 0., 0., 0.],
         [0., 0., 0.,  ..., 0., 0., 0.],
         [0., 0., 0.,  ..., 0., 0., 0.],
         ...,
         [0., 0., 0.,  ..., 0., 0., 0.],
         [0., 0., 0.,  ..., 0., 0., 0.],
         [0., 0., 0.,  ..., 0., 0., 0.]]])
orig_shape: (1080, 1920)
shape: torch.Size([1, 384, 640])
xy: [array([[        729,         504],
       [        726,         507],
       [        723,         507],
       [        717,         513],
       [        714,         513],
       [        708,         519],
       [        708,         567],
       [        711,         570],
       [        711,         573],
       [        717,         573],
       [        720,         576],
       [        726,         576],
       [        735,         585],
       [        876,         585],
       [        879,         582],
       [        882,         582],
       [        888,         576],
       [        891,         576],
       [        906,         561],
       [        906,         558],
       [        909,         555],
       [        909,         534],
       [        906,         531],
       [        906,         528],
       [        897,         519],
       [        897,         516],
       [        894,         513],
       [        894,         510],
       [        891,         507],
       [        888,         507],
       [        885,         504]], dtype=float32)]
xyn: [array([[    0.37969,     0.46667],
       [    0.37813,     0.46944],
       [    0.37656,     0.46944],
       [    0.37344,       0.475],
       [    0.37187,       0.475],
       [    0.36875,     0.48056],
       [    0.36875,       0.525],
       [    0.37031,     0.52778],
       [    0.37031,     0.53056],
       [    0.37344,     0.53056],
       [      0.375,     0.53333],
       [    0.37813,     0.53333],
       [    0.38281,     0.54167],
       [    0.45625,     0.54167],
       [    0.45781,     0.53889],
       [    0.45937,     0.53889],
       [     0.4625,     0.53333],
       [    0.46406,     0.53333],
       [    0.47188,     0.51944],
       [    0.47188,     0.51667],
       [    0.47344,     0.51389],
       [    0.47344,     0.49444],
       [    0.47188,     0.49167],
       [    0.47188,     0.48889],
       [    0.46719,     0.48056],
       [    0.46719,     0.47778],
       [    0.46562,       0.475],
       [    0.46562,     0.47222],
       [    0.46406,     0.46944],
       [     0.4625,     0.46944],
       [    0.46094,     0.46667]], dtype=float32)]
Car #3 Mask Coordinates:
ultralytics.engine.results.Masks object with attributes:

data: tensor([[[0., 0., 0.,  ..., 0., 0., 0.],
         [0., 0., 0.,  ..., 0., 0., 0.],
         [0., 0., 0.,  ..., 0., 0., 0.],
         ...,
         [0., 0., 0.,  ..., 0., 0., 0.],
         [0., 0., 0.,  ..., 0., 0., 0.],
         [0., 0., 0.,  ..., 0., 0., 0.]]])
orig_shape: (1080, 1920)
shape: torch.Size([1, 384, 640])
xy: [array([[        339,         804],
       [        324,         819],
       [        324,         876],
       [        327,         879],
       [        327,         882],
       [        330,         882],
       [        333,         885],
       [        339,         885],
       [        342,         888],
       [        345,         888],
       [        351,         894],
       [        354,         894],
       [        357,         897],
       [        462,         897],
       [        468,         891],
       [        471,         891],
       [        474,         888],
       [        474,         885],
       [        477,         882],
       [        477,         879],
       [        486,         870],
       [        486,         864],
       [        489,         861],
       [        489,         828],
       [        486,         825],
       [        486,         819],
       [        483,         819],
       [        471,         807],
       [        468,         807],
       [        465,         804]], dtype=float32)]
xyn: [array([[    0.17656,     0.74444],
       [    0.16875,     0.75833],
       [    0.16875,     0.81111],
       [    0.17031,     0.81389],
       [    0.17031,     0.81667],
       [    0.17188,     0.81667],
       [    0.17344,     0.81944],
       [    0.17656,     0.81944],
       [    0.17812,     0.82222],
       [    0.17969,     0.82222],
       [    0.18281,     0.82778],
       [    0.18438,     0.82778],
       [    0.18594,     0.83056],
       [    0.24062,     0.83056],
       [    0.24375,       0.825],
       [    0.24531,       0.825],
       [    0.24688,     0.82222],
       [    0.24688,     0.81944],
       [    0.24844,     0.81667],
       [    0.24844,     0.81389],
       [    0.25313,     0.80556],
       [    0.25313,         0.8],
       [    0.25469,     0.79722],
       [    0.25469,     0.76667],
       [    0.25313,     0.76389],
       [    0.25313,     0.75833],
       [    0.25156,     0.75833],
       [    0.24531,     0.74722],
       [    0.24375,     0.74722],
       [    0.24219,     0.74444]], dtype=float32)]
Car #4 Mask Coordinates:
ultralytics.engine.results.Masks object with attributes:

data: tensor([[[0., 0., 0.,  ..., 0., 0., 0.],
         [0., 0., 0.,  ..., 0., 0., 0.],
         [0., 0., 0.,  ..., 0., 0., 0.],
         ...,
         [0., 0., 0.,  ..., 0., 0., 0.],
         [0., 0., 0.,  ..., 0., 0., 0.],
         [0., 0., 0.,  ..., 0., 0., 0.]]])
orig_shape: (1080, 1920)
shape: torch.Size([1, 384, 640])
xy: [array([[       1695,         564],
       [       1692,         567],
       [       1692,         621],
       [       1695,         624],
       [       1695,         627],
       [       1698,         630],
       [       1701,         630],
       [       1704,         633],
       [       1722,         633],
       [       1734,         645],
       [       1740,         645],
       [       1743,         648],
       [       1746,         648],
       [       1755,         657],
       [       1761,         657],
       [       1782,         678],
       [       1785,         678],
       [       1788,         681],
       [       1803,         681],
       [       1818,         666],
       [       1818,         663],
       [       1824,         657],
       [       1824,         654],
       [       1830,         648],
       [       1830,         642],
       [       1833,         639],
       [       1833,         615],
       [       1818,         600],
       [       1815,         600],
       [       1809,         594],
       [       1809,         591],
       [       1806,         588],
       [       1803,         588],
       [       1800,         585],
       [       1797,         585],
       [       1794,         582],
       [       1794,         579],
       [       1791,         579],
       [       1788,         576],
       [       1779,         576],
       [       1767,         564]], dtype=float32)]
xyn: [array([[    0.88281,     0.52222],
       [    0.88125,       0.525],
       [    0.88125,       0.575],
       [    0.88281,     0.57778],
       [    0.88281,     0.58056],
       [    0.88437,     0.58333],
       [    0.88594,     0.58333],
       [     0.8875,     0.58611],
       [    0.89688,     0.58611],
       [    0.90312,     0.59722],
       [    0.90625,     0.59722],
       [    0.90781,         0.6],
       [    0.90938,         0.6],
       [    0.91406,     0.60833],
       [    0.91719,     0.60833],
       [    0.92813,     0.62778],
       [    0.92969,     0.62778],
       [    0.93125,     0.63056],
       [    0.93906,     0.63056],
       [    0.94687,     0.61667],
       [    0.94687,     0.61389],
       [       0.95,     0.60833],
       [       0.95,     0.60556],
       [    0.95312,         0.6],
       [    0.95312,     0.59444],
       [    0.95469,     0.59167],
       [    0.95469,     0.56944],
       [    0.94687,     0.55556],
       [    0.94531,     0.55556],
       [    0.94219,        0.55],
       [    0.94219,     0.54722],
       [    0.94063,     0.54444],
       [    0.93906,     0.54444],
       [     0.9375,     0.54167],
       [    0.93594,     0.54167],
       [    0.93437,     0.53889],
       [    0.93437,     0.53611],
       [    0.93281,     0.53611],
       [    0.93125,     0.53333],
       [    0.92656,     0.53333],
       [    0.92031,     0.52222]], dtype=float32)]
Car #5 Mask Coordinates:
ultralytics.engine.results.Masks object with attributes:

data: tensor([[[0., 0., 0.,  ..., 0., 0., 0.],
         [0., 0., 0.,  ..., 0., 0., 0.],
         [0., 0., 0.,  ..., 0., 0., 0.],
         ...,
         [0., 0., 0.,  ..., 0., 0., 0.],
         [0., 0., 0.,  ..., 0., 0., 0.],
         [0., 0., 0.,  ..., 0., 0., 0.]]])
orig_shape: (1080, 1920)
shape: torch.Size([1, 384, 640])
xy: [array([[        963,         504],
       [        960,         507],
       [        957,         507],
       [        957,         510],
       [        954,         513],
       [        951,         513],
       [        951,         516],
       [        948,         519],
       [        948,         570],
       [        951,         573],
       [        951,         576],
       [        957,         582],
       [        960,         582],
       [        963,         585],
       [       1017,         585],
       [       1020,         582],
       [       1083,         582],
       [       1086,         585],
       [       1110,         585],
       [       1125,         570],
       [       1125,         564],
       [       1128,         561],
       [       1128,         558],
       [       1131,         555],
       [       1131,         552],
       [       1134,         549],
       [       1134,         522],
       [       1131,         519],
       [       1131,         516],
       [       1128,         513],
       [       1128,         510],
       [       1122,         504]], dtype=float32)]
xyn: [array([[    0.50156,     0.46667],
       [        0.5,     0.46944],
       [    0.49844,     0.46944],
       [    0.49844,     0.47222],
       [    0.49687,       0.475],
       [    0.49531,       0.475],
       [    0.49531,     0.47778],
       [    0.49375,     0.48056],
       [    0.49375,     0.52778],
       [    0.49531,     0.53056],
       [    0.49531,     0.53333],
       [    0.49844,     0.53889],
       [        0.5,     0.53889],
       [    0.50156,     0.54167],
       [    0.52969,     0.54167],
       [    0.53125,     0.53889],
       [    0.56406,     0.53889],
       [    0.56563,     0.54167],
       [    0.57812,     0.54167],
       [    0.58594,     0.52778],
       [    0.58594,     0.52222],
       [     0.5875,     0.51944],
       [     0.5875,     0.51667],
       [    0.58906,     0.51389],
       [    0.58906,     0.51111],
       [    0.59062,     0.50833],
       [    0.59062,     0.48333],
       [    0.58906,     0.48056],
       [    0.58906,     0.47778],
       [     0.5875,       0.475],
       [     0.5875,     0.47222],
       [    0.58438,     0.46667]], dtype=float32)]
Car #6 Mask Coordinates:
ultralytics.engine.results.Masks object with attributes:

data: tensor([[[0., 0., 0.,  ..., 0., 0., 0.],
         [0., 0., 0.,  ..., 0., 0., 0.],
         [0., 0., 0.,  ..., 0., 0., 0.],
         ...,
         [0., 0., 0.,  ..., 0., 0., 0.],
         [0., 0., 0.,  ..., 0., 0., 0.],
         [0., 0., 0.,  ..., 0., 0., 0.]]])
orig_shape: (1080, 1920)
shape: torch.Size([1, 384, 640])
xy: [array([[       1659,         780],
       [       1644,         795],
       [       1644,         852],
       [       1647,         855],
       [       1647,         858],
       [       1656,         867],
       [       1656,         870],
       [       1659,         870],
       [       1662,         873],
       [       1665,         873],
       [       1668,         876],
       [       1674,         876],
       [       1680,         882],
       [       1683,         882],
       [       1686,         885],
       [       1692,         885],
       [       1695,         888],
       [       1701,         888],
       [       1704,         891],
       [       1707,         891],
       [       1710,         894],
       [       1716,         894],
       [       1719,         897],
       [       1728,         897],
       [       1731,         900],
       [       1740,         900],
       [       1743,         903],
       [       1749,         903],
       [       1752,         906],
       [       1764,         906],
       [       1767,         909],
       [       1770,         909],
       [       1773,         906],
       [       1776,         906],
       [       1782,         900],
       [       1785,         900],
       [       1788,         897],
       [       1791,         897],
       [       1797,         891],
       [       1797,         885],
       [       1800,         882],
       [       1800,         879],
       [       1809,         870],
       [       1809,         822],
       [       1803,         816],
       [       1800,         816],
       [       1797,         813],
       [       1794,         813],
       [       1785,         804],
       [       1776,         804],
       [       1773,         801],
       [       1770,         801],
       [       1764,         795],
       [       1761,         795],
       [       1758,         792],
       [       1749,         792],
       [       1746,         789],
       [       1743,         789],
       [       1737,         783],
       [       1731,         783],
       [       1728,         780]], dtype=float32)]
xyn: [array([[    0.86406,     0.72222],
       [    0.85625,     0.73611],
       [    0.85625,     0.78889],
       [    0.85781,     0.79167],
       [    0.85781,     0.79444],
       [     0.8625,     0.80278],
       [     0.8625,     0.80556],
       [    0.86406,     0.80556],
       [    0.86563,     0.80833],
       [    0.86719,     0.80833],
       [    0.86875,     0.81111],
       [    0.87187,     0.81111],
       [      0.875,     0.81667],
       [    0.87656,     0.81667],
       [    0.87813,     0.81944],
       [    0.88125,     0.81944],
       [    0.88281,     0.82222],
       [    0.88594,     0.82222],
       [     0.8875,       0.825],
       [    0.88906,       0.825],
       [    0.89062,     0.82778],
       [    0.89375,     0.82778],
       [    0.89531,     0.83056],
       [        0.9,     0.83056],
       [    0.90156,     0.83333],
       [    0.90625,     0.83333],
       [    0.90781,     0.83611],
       [    0.91094,     0.83611],
       [     0.9125,     0.83889],
       [    0.91875,     0.83889],
       [    0.92031,     0.84167],
       [    0.92188,     0.84167],
       [    0.92344,     0.83889],
       [      0.925,     0.83889],
       [    0.92813,     0.83333],
       [    0.92969,     0.83333],
       [    0.93125,     0.83056],
       [    0.93281,     0.83056],
       [    0.93594,       0.825],
       [    0.93594,     0.81944],
       [     0.9375,     0.81667],
       [     0.9375,     0.81389],
       [    0.94219,     0.80556],
       [    0.94219,     0.76111],
       [    0.93906,     0.75556],
       [     0.9375,     0.75556],
       [    0.93594,     0.75278],
       [    0.93437,     0.75278],
       [    0.92969,     0.74444],
       [      0.925,     0.74444],
       [    0.92344,     0.74167],
       [    0.92188,     0.74167],
       [    0.91875,     0.73611],
       [    0.91719,     0.73611],
       [    0.91562,     0.73333],
       [    0.91094,     0.73333],
       [    0.90938,     0.73056],
       [    0.90781,     0.73056],
       [    0.90469,       0.725],
       [    0.90156,       0.725],
       [        0.9,     0.72222]], dtype=float32)]
Car #7 Mask Coordinates:
ultralytics.engine.results.Masks object with attributes:

data: tensor([[[0., 0., 0.,  ..., 0., 0., 0.],
         [0., 0., 0.,  ..., 0., 0., 0.],
         [0., 0., 0.,  ..., 0., 0., 0.],
         ...,
         [0., 0., 0.,  ..., 0., 0., 0.],
         [0., 0., 0.,  ..., 0., 0., 0.],
         [0., 0., 0.,  ..., 0., 0., 0.]]])
orig_shape: (1080, 1920)
shape: torch.Size([1, 384, 640])
xy: [array([[       1278,         816],
       [       1275,         819],
       [       1266,         819],
       [       1263,         822],
       [       1260,         822],
       [       1257,         825],
       [       1254,         825],
       [       1248,         831],
       [       1248,         906],
       [       1251,         909],
       [       1251,         912],
       [       1263,         912],
       [       1266,         915],
       [       1272,         915],
       [       1275,         918],
       [       1332,         918],
       [       1335,         915],
       [       1356,         915],
       [       1359,         912],
       [       1389,         912],
       [       1392,         909],
       [       1425,         909],
       [       1428,         906],
       [       1434,         906],
       [       1440,         900],
       [       1443,         900],
       [       1446,         897],
       [       1449,         897],
       [       1458,         888],
       [       1458,         885],
       [       1461,         882],
       [       1461,         843],
       [       1458,         840],
       [       1458,         837],
       [       1452,         831],
       [       1452,         828],
       [       1449,         825],
       [       1449,         822],
       [       1443,         816]], dtype=float32)]
xyn: [array([[    0.66562,     0.75556],
       [    0.66406,     0.75833],
       [    0.65938,     0.75833],
       [    0.65781,     0.76111],
       [    0.65625,     0.76111],
       [    0.65469,     0.76389],
       [    0.65312,     0.76389],
       [       0.65,     0.76944],
       [       0.65,     0.83889],
       [    0.65156,     0.84167],
       [    0.65156,     0.84444],
       [    0.65781,     0.84444],
       [    0.65938,     0.84722],
       [     0.6625,     0.84722],
       [    0.66406,        0.85],
       [    0.69375,        0.85],
       [    0.69531,     0.84722],
       [    0.70625,     0.84722],
       [    0.70781,     0.84444],
       [    0.72344,     0.84444],
       [      0.725,     0.84167],
       [    0.74219,     0.84167],
       [    0.74375,     0.83889],
       [    0.74687,     0.83889],
       [       0.75,     0.83333],
       [    0.75156,     0.83333],
       [    0.75313,     0.83056],
       [    0.75469,     0.83056],
       [    0.75937,     0.82222],
       [    0.75937,     0.81944],
       [    0.76094,     0.81667],
       [    0.76094,     0.78056],
       [    0.75937,     0.77778],
       [    0.75937,       0.775],
       [    0.75625,     0.76944],
       [    0.75625,     0.76667],
       [    0.75469,     0.76389],
       [    0.75469,     0.76111],
       [    0.75156,     0.75556]], dtype=float32)]
Car #8 Mask Coordinates:
ultralytics.engine.results.Masks object with attributes:

data: tensor([[[0., 0., 0.,  ..., 0., 0., 0.],
         [0., 0., 0.,  ..., 0., 0., 0.],
         [0., 0., 0.,  ..., 0., 0., 0.],
         ...,
         [0., 0., 0.,  ..., 0., 0., 0.],
         [0., 0., 0.,  ..., 0., 0., 0.],
         [0., 0., 0.,  ..., 0., 0., 0.]]])
orig_shape: (1080, 1920)
shape: torch.Size([1, 384, 640])
xy: [array([[        567,         816],
       [        552,         831],
       [        552,         885],
       [        555,         888],
       [        555,         894],
       [        558,         897],
       [        561,         897],
       [        564,         900],
       [        567,         900],
       [        570,         903],
       [        579,         903],
       [        582,         906],
       [        615,         906],
       [        618,         909],
       [        657,         909],
       [        660,         912],
       [        687,         912],
       [        690,         915],
       [        714,         915],
       [        717,         912],
       [        723,         912],
       [        726,         909],
       [        732,         909],
       [        735,         906],
       [        738,         906],
       [        738,         903],
       [        741,         900],
       [        741,         897],
       [        744,         894],
       [        744,         885],
       [        747,         882],
       [        747,         855],
       [        744,         852],
       [        744,         849],
       [        741,         846],
       [        741,         840],
       [        729,         828],
       [        726,         828],
       [        723,         825],
       [        720,         825],
       [        717,         822],
       [        714,         822],
       [        711,         819],
       [        708,         819],
       [        705,         816]], dtype=float32)]
xyn: [array([[    0.29531,     0.75556],
       [     0.2875,     0.76944],
       [     0.2875,     0.81944],
       [    0.28906,     0.82222],
       [    0.28906,     0.82778],
       [    0.29063,     0.83056],
       [    0.29219,     0.83056],
       [    0.29375,     0.83333],
       [    0.29531,     0.83333],
       [    0.29688,     0.83611],
       [    0.30156,     0.83611],
       [    0.30312,     0.83889],
       [    0.32031,     0.83889],
       [    0.32188,     0.84167],
       [    0.34219,     0.84167],
       [    0.34375,     0.84444],
       [    0.35781,     0.84444],
       [    0.35938,     0.84722],
       [    0.37187,     0.84722],
       [    0.37344,     0.84444],
       [    0.37656,     0.84444],
       [    0.37813,     0.84167],
       [    0.38125,     0.84167],
       [    0.38281,     0.83889],
       [    0.38438,     0.83889],
       [    0.38438,     0.83611],
       [    0.38594,     0.83333],
       [    0.38594,     0.83056],
       [     0.3875,     0.82778],
       [     0.3875,     0.81944],
       [    0.38906,     0.81667],
       [    0.38906,     0.79167],
       [     0.3875,     0.78889],
       [     0.3875,     0.78611],
       [    0.38594,     0.78333],
       [    0.38594,     0.77778],
       [    0.37969,     0.76667],
       [    0.37813,     0.76667],
       [    0.37656,     0.76389],
       [      0.375,     0.76389],
       [    0.37344,     0.76111],
       [    0.37187,     0.76111],
       [    0.37031,     0.75833],
       [    0.36875,     0.75833],
       [    0.36719,     0.75556]], dtype=float32)]
Car #9 Mask Coordinates:
ultralytics.engine.results.Masks object with attributes:

data: tensor([[[0., 0., 0.,  ..., 0., 0., 0.],
         [0., 0., 0.,  ..., 0., 0., 0.],
         [0., 0., 0.,  ..., 0., 0., 0.],
         ...,
         [0., 0., 0.,  ..., 0., 0., 0.],
         [0., 0., 0.,  ..., 0., 0., 0.],
         [0., 0., 0.,  ..., 0., 0., 0.]]])
orig_shape: (1080, 1920)
shape: torch.Size([1, 384, 640])
xy: [array([[       1548,         504],
       [       1545,         507],
       [       1542,         507],
       [       1539,         510],
       [       1539,         513],
       [       1536,         516],
       [       1536,         570],
       [       1539,         573],
       [       1542,         573],
       [       1551,         582],
       [       1557,         582],
       [       1560,         579],
       [       1572,         579],
       [       1575,         582],
       [       1593,         582],
       [       1596,         585],
       [       1632,         585],
       [       1635,         588],
       [       1638,         588],
       [       1641,         585],
       [       1650,         585],
       [       1653,         582],
       [       1653,         564],
       [       1656,         561],
       [       1656,         546],
       [       1653,         543],
       [       1653,         519],
       [       1650,         516],
       [       1647,         516],
       [       1641,         510],
       [       1641,         507],
       [       1638,         507],
       [       1635,         504]], dtype=float32)]
xyn: [array([[    0.80625,     0.46667],
       [    0.80469,     0.46944],
       [    0.80313,     0.46944],
       [    0.80156,     0.47222],
       [    0.80156,       0.475],
       [        0.8,     0.47778],
       [        0.8,     0.52778],
       [    0.80156,     0.53056],
       [    0.80313,     0.53056],
       [    0.80781,     0.53889],
       [    0.81094,     0.53889],
       [     0.8125,     0.53611],
       [    0.81875,     0.53611],
       [    0.82031,     0.53889],
       [    0.82969,     0.53889],
       [    0.83125,     0.54167],
       [       0.85,     0.54167],
       [    0.85156,     0.54444],
       [    0.85312,     0.54444],
       [    0.85469,     0.54167],
       [    0.85938,     0.54167],
       [    0.86094,     0.53889],
       [    0.86094,     0.52222],
       [     0.8625,     0.51944],
       [     0.8625,     0.50556],
       [    0.86094,     0.50278],
       [    0.86094,     0.48056],
       [    0.85938,     0.47778],
       [    0.85781,     0.47778],
       [    0.85469,     0.47222],
       [    0.85469,     0.46944],
       [    0.85312,     0.46944],
       [    0.85156,     0.46667]], dtype=float32)]
Car #10 Mask Coordinates:
ultralytics.engine.results.Masks object with attributes:

data: tensor([[[0., 0., 0.,  ..., 0., 0., 0.],
         [0., 0., 0.,  ..., 0., 0., 0.],
         [0., 0., 0.,  ..., 0., 0., 0.],
         ...,
         [0., 0., 0.,  ..., 0., 0., 0.],
         [0., 0., 0.,  ..., 0., 0., 0.],
         [0., 0., 0.,  ..., 0., 0., 0.]]])
orig_shape: (1080, 1920)
shape: torch.Size([1, 384, 640])
xy: [array([[        246,         564],
       [        216,         594],
       [        216,         639],
       [        222,         645],
       [        255,         645],
       [        258,         642],
       [        264,         642],
       [        267,         639],
       [        270,         639],
       [        273,         636],
       [        279,         636],
       [        282,         633],
       [        303,         633],
       [        306,         630],
       [        309,         630],
       [        309,         627],
       [        312,         624],
       [        312,         621],
       [        318,         615],
       [        318,         612],
       [        321,         609],
       [        321,         573],
       [        318,         570],
       [        318,         567],
       [        315,         567],
       [        312,         564]], dtype=float32)]
xyn: [array([[    0.12812,     0.52222],
       [     0.1125,        0.55],
       [     0.1125,     0.59167],
       [    0.11563,     0.59722],
       [    0.13281,     0.59722],
       [    0.13438,     0.59444],
       [     0.1375,     0.59444],
       [    0.13906,     0.59167],
       [    0.14062,     0.59167],
       [    0.14219,     0.58889],
       [    0.14531,     0.58889],
       [    0.14687,     0.58611],
       [    0.15781,     0.58611],
       [    0.15937,     0.58333],
       [    0.16094,     0.58333],
       [    0.16094,     0.58056],
       [     0.1625,     0.57778],
       [     0.1625,       0.575],
       [    0.16563,     0.56944],
       [    0.16563,     0.56667],
       [    0.16719,     0.56389],
       [    0.16719,     0.53056],
       [    0.16563,     0.52778],
       [    0.16563,       0.525],
       [    0.16406,       0.525],
       [     0.1625,     0.52222]], dtype=float32)]
Car #11 Mask Coordinates:
ultralytics.engine.results.Masks object with attributes:

data: tensor([[[0., 0., 0.,  ..., 0., 0., 0.],
         [0., 0., 0.,  ..., 0., 0., 0.],
         [0., 0., 0.,  ..., 0., 0., 0.],
         ...,
         [0., 0., 0.,  ..., 0., 0., 0.],
         [0., 0., 0.,  ..., 0., 0., 0.],
         [0., 0., 0.,  ..., 0., 0., 0.]]])
orig_shape: (1080, 1920)
shape: torch.Size([1, 384, 640])
xy: [array([[        846,         816],
       [        843,         819],
       [        840,         819],
       [        840,         822],
       [        834,         828],
       [        831,         828],
       [        831,         831],
       [        828,         834],
       [        828,         891],
       [        831,         894],
       [        831,         897],
       [        834,         897],
       [        840,         903],
       [        840,         906],
       [        843,         909],
       [        846,         909],
       [        855,         918],
       [        858,         918],
       [        861,         921],
       [        903,         921],
       [        906,         924],
       [        918,         924],
       [        921,         927],
       [        924,         927],
       [        927,         930],
       [        930,         930],
       [        936,         924],
       [        939,         924],
       [        942,         921],
       [       1041,         921],
       [       1044,         918],
       [       1047,         918],
       [       1050,         915],
       [       1053,         915],
       [       1059,         909],
       [       1062,         909],
       [       1074,         897],
       [       1077,         897],
       [       1080,         894],
       [       1080,         891],
       [       1086,         885],
       [       1086,         882],
       [       1089,         879],
       [       1089,         849],
       [       1086,         846],
       [       1086,         837],
       [       1080,         831],
       [       1080,         825],
       [       1077,         822],
       [       1077,         819],
       [       1074,         816]], dtype=float32)]
xyn: [array([[    0.44063,     0.75556],
       [    0.43906,     0.75833],
       [     0.4375,     0.75833],
       [     0.4375,     0.76111],
       [    0.43437,     0.76667],
       [    0.43281,     0.76667],
       [    0.43281,     0.76944],
       [    0.43125,     0.77222],
       [    0.43125,       0.825],
       [    0.43281,     0.82778],
       [    0.43281,     0.83056],
       [    0.43437,     0.83056],
       [     0.4375,     0.83611],
       [     0.4375,     0.83889],
       [    0.43906,     0.84167],
       [    0.44063,     0.84167],
       [    0.44531,        0.85],
       [    0.44688,        0.85],
       [    0.44844,     0.85278],
       [    0.47031,     0.85278],
       [    0.47188,     0.85556],
       [    0.47813,     0.85556],
       [    0.47969,     0.85833],
       [    0.48125,     0.85833],
       [    0.48281,     0.86111],
       [    0.48438,     0.86111],
       [     0.4875,     0.85556],
       [    0.48906,     0.85556],
       [    0.49062,     0.85278],
       [    0.54219,     0.85278],
       [    0.54375,        0.85],
       [    0.54531,        0.85],
       [    0.54688,     0.84722],
       [    0.54844,     0.84722],
       [    0.55156,     0.84167],
       [    0.55313,     0.84167],
       [    0.55937,     0.83056],
       [    0.56094,     0.83056],
       [     0.5625,     0.82778],
       [     0.5625,       0.825],
       [    0.56563,     0.81944],
       [    0.56563,     0.81667],
       [    0.56719,     0.81389],
       [    0.56719,     0.78611],
       [    0.56563,     0.78333],
       [    0.56563,       0.775],
       [     0.5625,     0.76944],
       [     0.5625,     0.76389],
       [    0.56094,     0.76111],
       [    0.56094,     0.75833],
       [    0.55937,     0.75556]], dtype=float32)]
Car #12 Mask Coordinates:
ultralytics.engine.results.Masks object with attributes:

data: tensor([[[0., 0., 0.,  ..., 0., 0., 0.],
         [0., 0., 0.,  ..., 0., 0., 0.],
         [0., 0., 0.,  ..., 0., 0., 0.],
         ...,
         [0., 0., 0.,  ..., 0., 0., 0.],
         [0., 0., 0.,  ..., 0., 0., 0.],
         [0., 0., 0.,  ..., 0., 0., 0.]]])
orig_shape: (1080, 1920)
shape: torch.Size([1, 384, 640])
xy: [array([[         78,         624],
       [         60,         642],
       [         60,         690],
       [         63,         693],
       [         63,         696],
       [         78,         696],
       [         81,         693],
       [         99,         693],
       [        102,         690],
       [        105,         690],
       [        105,         687],
       [        108,         684],
       [        111,         684],
       [        114,         681],
       [        123,         681],
       [        129,         675],
       [        129,         672],
       [        132,         669],
       [        132,         666],
       [        135,         663],
       [        135,         660],
       [        138,         657],
       [        138,         654],
       [        141,         651],
       [        141,         636],
       [        138,         633],
       [        138,         630],
       [        135,         627],
       [        132,         627],
       [        129,         624]], dtype=float32)]
xyn: [array([[   0.040625,     0.57778],
       [    0.03125,     0.59444],
       [    0.03125,     0.63889],
       [   0.032812,     0.64167],
       [   0.032812,     0.64444],
       [   0.040625,     0.64444],
       [   0.042188,     0.64167],
       [   0.051562,     0.64167],
       [   0.053125,     0.63889],
       [   0.054688,     0.63889],
       [   0.054688,     0.63611],
       [    0.05625,     0.63333],
       [   0.057813,     0.63333],
       [   0.059375,     0.63056],
       [   0.064062,     0.63056],
       [   0.067188,       0.625],
       [   0.067188,     0.62222],
       [    0.06875,     0.61944],
       [    0.06875,     0.61667],
       [   0.070312,     0.61389],
       [   0.070312,     0.61111],
       [   0.071875,     0.60833],
       [   0.071875,     0.60556],
       [   0.073437,     0.60278],
       [   0.073437,     0.58889],
       [   0.071875,     0.58611],
       [   0.071875,     0.58333],
       [   0.070312,     0.58056],
       [    0.06875,     0.58056],
       [   0.067188,     0.57778]], dtype=float32)]
Car #13 Mask Coordinates:
ultralytics.engine.results.Masks object with attributes:

data: tensor([[[0., 0., 0.,  ..., 0., 0., 0.],
         [0., 0., 0.,  ..., 0., 0., 0.],
         [0., 0., 0.,  ..., 0., 0., 0.],
         ...,
         [0., 0., 0.,  ..., 0., 0., 0.],
         [0., 0., 0.,  ..., 0., 0., 0.],
         [0., 0., 0.,  ..., 0., 0., 0.]]])
orig_shape: (1080, 1920)
shape: torch.Size([1, 384, 640])
xy: [array([[        177,         804],
       [        174,         807],
       [        171,         807],
       [        165,         813],
       [        162,         813],
       [        156,         819],
       [        156,         870],
       [        159,         873],
       [        162,         873],
       [        168,         879],
       [        168,         882],
       [        171,         882],
       [        174,         885],
       [        177,         885],
       [        180,         888],
       [        186,         888],
       [        192,         894],
       [        225,         894],
       [        228,         891],
       [        252,         891],
       [        255,         888],
       [        276,         888],
       [        279,         885],
       [        282,         885],
       [        291,         876],
       [        291,         873],
       [        294,         870],
       [        294,         858],
       [        297,         855],
       [        297,         828],
       [        294,         825],
       [        294,         819],
       [        291,         819],
       [        279,         807],
       [        276,         807],
       [        273,         804]], dtype=float32)]
xyn: [array([[   0.092188,     0.74444],
       [   0.090625,     0.74722],
       [   0.089062,     0.74722],
       [   0.085938,     0.75278],
       [   0.084375,     0.75278],
       [    0.08125,     0.75833],
       [    0.08125,     0.80556],
       [   0.082813,     0.80833],
       [   0.084375,     0.80833],
       [     0.0875,     0.81389],
       [     0.0875,     0.81667],
       [   0.089062,     0.81667],
       [   0.090625,     0.81944],
       [   0.092188,     0.81944],
       [    0.09375,     0.82222],
       [   0.096875,     0.82222],
       [        0.1,     0.82778],
       [    0.11719,     0.82778],
       [    0.11875,       0.825],
       [    0.13125,       0.825],
       [    0.13281,     0.82222],
       [    0.14375,     0.82222],
       [    0.14531,     0.81944],
       [    0.14687,     0.81944],
       [    0.15156,     0.81111],
       [    0.15156,     0.80833],
       [    0.15313,     0.80556],
       [    0.15313,     0.79444],
       [    0.15469,     0.79167],
       [    0.15469,     0.76667],
       [    0.15313,     0.76389],
       [    0.15313,     0.75833],
       [    0.15156,     0.75833],
       [    0.14531,     0.74722],
       [    0.14375,     0.74722],
       [    0.14219,     0.74444]], dtype=float32)]
Car #14 Mask Coordinates:
ultralytics.engine.results.Masks object with attributes:

data: tensor([[[0., 0., 0.,  ..., 0., 0., 0.],
         [0., 0., 0.,  ..., 0., 0., 0.],
         [0., 0., 0.,  ..., 0., 0., 0.],
         ...,
         [0., 0., 0.,  ..., 0., 0., 0.],
         [0., 0., 0.,  ..., 0., 0., 0.],
         [0., 0., 0.,  ..., 0., 0., 0.]]])
orig_shape: (1080, 1920)
shape: torch.Size([1, 384, 640])
xy: [array([[       1671,         228],
       [       1668,         231],
       [       1668,         258],
       [       1671,         261],
       [       1683,         261],
       [       1695,         273],
       [       1701,         273],
       [       1704,         276],
       [       1707,         276],
       [       1713,         282],
       [       1716,         282],
       [       1719,         285],
       [       1734,         285],
       [       1740,         279],
       [       1740,         264],
       [       1737,         261],
       [       1737,         255],
       [       1734,         252],
       [       1734,         249],
       [       1725,         240],
       [       1725,         237],
       [       1722,         234],
       [       1722,         231],
       [       1719,         231],
       [       1716,         228]], dtype=float32)]
xyn: [array([[    0.87031,     0.21111],
       [    0.86875,     0.21389],
       [    0.86875,     0.23889],
       [    0.87031,     0.24167],
       [    0.87656,     0.24167],
       [    0.88281,     0.25278],
       [    0.88594,     0.25278],
       [     0.8875,     0.25556],
       [    0.88906,     0.25556],
       [    0.89219,     0.26111],
       [    0.89375,     0.26111],
       [    0.89531,     0.26389],
       [    0.90312,     0.26389],
       [    0.90625,     0.25833],
       [    0.90625,     0.24444],
       [    0.90469,     0.24167],
       [    0.90469,     0.23611],
       [    0.90312,     0.23333],
       [    0.90312,     0.23056],
       [    0.89844,     0.22222],
       [    0.89844,     0.21944],
       [    0.89688,     0.21667],
       [    0.89688,     0.21389],
       [    0.89531,     0.21389],
       [    0.89375,     0.21111]], dtype=float32)]
Car #15 Mask Coordinates:
ultralytics.engine.results.Masks object with attributes:

data: tensor([[[0., 0., 0.,  ..., 0., 0., 0.],
         [0., 0., 0.,  ..., 0., 0., 0.],
         [0., 0., 0.,  ..., 0., 0., 0.],
         ...,
         [0., 0., 0.,  ..., 0., 0., 0.],
         [0., 0., 0.,  ..., 0., 0., 0.],
         [0., 0., 0.,  ..., 0., 0., 0.]]])
orig_shape: (1080, 1920)
shape: torch.Size([1, 384, 640])
xy: [array([[         63,         840],
       [         60,         843],
       [         60,         894],
       [         63,         897],
       [         75,         897],
       [         78,         900],
       [        126,         900],
       [        129,         897],
       [        135,         897],
       [        141,         891],
       [        141,         843],
       [        138,         840]], dtype=float32)]
xyn: [array([[   0.032812,     0.77778],
       [    0.03125,     0.78056],
       [    0.03125,     0.82778],
       [   0.032812,     0.83056],
       [   0.039062,     0.83056],
       [   0.040625,     0.83333],
       [   0.065625,     0.83333],
       [   0.067188,     0.83056],
       [   0.070312,     0.83056],
       [   0.073437,       0.825],
       [   0.073437,     0.78056],
       [   0.071875,     0.77778]], dtype=float32)]
Car #16 Mask Coordinates:
ultralytics.engine.results.Masks object with attributes:

data: tensor([[[0., 0., 0.,  ..., 0., 0., 0.],
         [0., 0., 0.,  ..., 0., 0., 0.],
         [0., 0., 0.,  ..., 0., 0., 0.],
         ...,
         [0., 0., 0.,  ..., 0., 0., 0.],
         [0., 0., 0.,  ..., 0., 0., 0.],
         [0., 0., 0.,  ..., 0., 0., 0.]]])
orig_shape: (1080, 1920)
shape: torch.Size([1, 384, 640])
xy: [array([[       1590,         288],
       [       1584,         294],
       [       1584,         369],
       [       1587,         372],
       [       1587,         378],
       [       1614,         378],
       [       1620,         372],
       [       1623,         372],
       [       1629,         366],
       [       1629,         303],
       [       1614,         288]], dtype=float32)]
xyn: [array([[    0.82812,     0.26667],
       [      0.825,     0.27222],
       [      0.825,     0.34167],
       [    0.82656,     0.34444],
       [    0.82656,        0.35],
       [    0.84062,        0.35],
       [    0.84375,     0.34444],
       [    0.84531,     0.34444],
       [    0.84844,     0.33889],
       [    0.84844,     0.28056],
       [    0.84062,     0.26667]], dtype=float32)]
Car #17 Mask Coordinates:
ultralytics.engine.results.Masks object with attributes:

data: tensor([[[0., 0., 0.,  ..., 0., 0., 0.],
         [0., 0., 0.,  ..., 0., 0., 0.],
         [0., 0., 0.,  ..., 0., 0., 0.],
         ...,
         [0., 0., 0.,  ..., 0., 0., 0.],
         [0., 0., 0.,  ..., 0., 0., 0.],
         [0., 0., 0.,  ..., 0., 0., 0.]]])
orig_shape: (1080, 1920)
shape: torch.Size([1, 384, 640])
xy: [array([[       1821,         264],
       [       1818,         267],
       [       1815,         267],
       [       1815,         270],
       [       1812,         273],
       [       1812,         285],
       [       1815,         288],
       [       1815,         294],
       [       1821,         294],
       [       1824,         297],
       [       1833,         297],
       [       1836,         300],
       [       1845,         300],
       [       1848,         297],
       [       1860,         297],
       [       1863,         300],
       [       1875,         300],
       [       1881,         294],
       [       1881,         279],
       [       1878,         276],
       [       1875,         276],
       [       1869,         270],
       [       1869,         267],
       [       1866,         264]], dtype=float32)]
xyn: [array([[    0.94844,     0.24444],
       [    0.94687,     0.24722],
       [    0.94531,     0.24722],
       [    0.94531,        0.25],
       [    0.94375,     0.25278],
       [    0.94375,     0.26389],
       [    0.94531,     0.26667],
       [    0.94531,     0.27222],
       [    0.94844,     0.27222],
       [       0.95,       0.275],
       [    0.95469,       0.275],
       [    0.95625,     0.27778],
       [    0.96094,     0.27778],
       [     0.9625,       0.275],
       [    0.96875,       0.275],
       [    0.97031,     0.27778],
       [    0.97656,     0.27778],
       [    0.97969,     0.27222],
       [    0.97969,     0.25833],
       [    0.97812,     0.25556],
       [    0.97656,     0.25556],
       [    0.97344,        0.25],
       [    0.97344,     0.24722],
       [    0.97188,     0.24444]], dtype=float32)]
Car #18 Mask Coordinates:
ultralytics.engine.results.Masks object with attributes:

data: tensor([[[0., 0., 0.,  ..., 0., 0., 0.],
         [0., 0., 0.,  ..., 0., 0., 0.],
         [0., 0., 0.,  ..., 0., 0., 0.],
         ...,
         [0., 0., 0.,  ..., 0., 0., 0.],
         [0., 0., 0.,  ..., 0., 0., 0.],
         [0., 0., 0.,  ..., 0., 0., 0.]]])
orig_shape: (1080, 1920)
shape: torch.Size([1, 384, 640])
xy: [array([[       1530,         264],
       [       1527,         267],
       [       1524,         267],
       [       1515,         276],
       [       1515,         285],
       [       1512,         288],
       [       1512,         330],
       [       1515,         333],
       [       1518,         333],
       [       1527,         342],
       [       1533,         342],
       [       1536,         345],
       [       1551,         345],
       [       1557,         339],
       [       1557,         327],
       [       1560,         324],
       [       1560,         321],
       [       1563,         318],
       [       1563,         315],
       [       1566,         312],
       [       1566,         309],
       [       1569,         306],
       [       1569,         267],
       [       1566,         264]], dtype=float32)]
xyn: [array([[    0.79688,     0.24444],
       [    0.79531,     0.24722],
       [    0.79375,     0.24722],
       [    0.78906,     0.25556],
       [    0.78906,     0.26389],
       [     0.7875,     0.26667],
       [     0.7875,     0.30556],
       [    0.78906,     0.30833],
       [    0.79062,     0.30833],
       [    0.79531,     0.31667],
       [    0.79844,     0.31667],
       [        0.8,     0.31944],
       [    0.80781,     0.31944],
       [    0.81094,     0.31389],
       [    0.81094,     0.30278],
       [     0.8125,         0.3],
       [     0.8125,     0.29722],
       [    0.81406,     0.29444],
       [    0.81406,     0.29167],
       [    0.81563,     0.28889],
       [    0.81563,     0.28611],
       [    0.81719,     0.28333],
       [    0.81719,     0.24722],
       [    0.81563,     0.24444]], dtype=float32)]
Car #19 Mask Coordinates:
ultralytics.engine.results.Masks object with attributes:

data: tensor([[[0., 0., 0.,  ..., 0., 0., 0.],
         [0., 0., 0.,  ..., 0., 0., 0.],
         [0., 0., 0.,  ..., 0., 0., 0.],
         ...,
         [0., 0., 0.,  ..., 0., 0., 0.],
         [0., 0., 0.,  ..., 0., 0., 0.],
         [0., 0., 0.,  ..., 0., 0., 0.]]])
orig_shape: (1080, 1920)
shape: torch.Size([1, 384, 640])
xy: [array([[         15,         852],
       [         12,         855],
       [         12,         888],
       [         15,         891],
       [         15,         894],
       [         18,         897],
       [         30,         897],
       [         33,         900],
       [         42,         900],
       [         45,         897],
       [         48,         897],
       [         51,         894],
       [         51,         858],
       [         48,         855],
       [         45,         855],
       [         42,         852]], dtype=float32)]
xyn: [array([[  0.0078125,     0.78889],
       [    0.00625,     0.79167],
       [    0.00625,     0.82222],
       [  0.0078125,       0.825],
       [  0.0078125,     0.82778],
       [   0.009375,     0.83056],
       [   0.015625,     0.83056],
       [   0.017188,     0.83333],
       [   0.021875,     0.83333],
       [   0.023438,     0.83056],
       [      0.025,     0.83056],
       [   0.026563,     0.82778],
       [   0.026563,     0.79444],
       [      0.025,     0.79167],
       [   0.023438,     0.79167],
       [   0.021875,     0.78889]], dtype=float32)]
Car #20 Mask Coordinates:
ultralytics.engine.results.Masks object with attributes:

data: tensor([[[0., 0., 0.,  ..., 0., 0., 0.],
         [0., 0., 0.,  ..., 0., 0., 0.],
         [0., 0., 0.,  ..., 0., 0., 0.],
         ...,
         [0., 0., 0.,  ..., 0., 0., 0.],
         [0., 0., 0.,  ..., 0., 0., 0.],
         [0., 0., 0.,  ..., 0., 0., 0.]]])
orig_shape: (1080, 1920)
shape: torch.Size([1, 384, 640])
xy: [array([[         15,         660],
       [         12,         663],
       [         12,         714],
       [         15,         717],
       [         15,         720],
       [         18,         720],
       [         21,         717],
       [         30,         717],
       [         33,         714],
       [         36,         714],
       [         51,         699],
       [         51,         693],
       [         48,         690],
       [         48,         687],
       [         51,         684],
       [         51,         675],
       [         54,         672],
       [         54,         663],
       [         48,         663],
       [         45,         660]], dtype=float32)]
xyn: [array([[  0.0078125,     0.61111],
       [    0.00625,     0.61389],
       [    0.00625,     0.66111],
       [  0.0078125,     0.66389],
       [  0.0078125,     0.66667],
       [   0.009375,     0.66667],
       [   0.010937,     0.66389],
       [   0.015625,     0.66389],
       [   0.017188,     0.66111],
       [    0.01875,     0.66111],
       [   0.026563,     0.64722],
       [   0.026563,     0.64167],
       [      0.025,     0.63889],
       [      0.025,     0.63611],
       [   0.026563,     0.63333],
       [   0.026563,       0.625],
       [   0.028125,     0.62222],
       [   0.028125,     0.61389],
       [      0.025,     0.61389],
       [   0.023438,     0.61111]], dtype=float32)]
Car #21 Mask Coordinates:
ultralytics.engine.results.Masks object with attributes:

data: tensor([[[0., 0., 0.,  ..., 0., 0., 0.],
         [0., 0., 0.,  ..., 0., 0., 0.],
         [0., 0., 0.,  ..., 0., 0., 0.],
         ...,
         [0., 0., 0.,  ..., 0., 0., 0.],
         [0., 0., 0.,  ..., 0., 0., 0.],
         [0., 0., 0.,  ..., 0., 0., 0.]]])
orig_shape: (1080, 1920)
shape: torch.Size([1, 384, 640])
xy: [array([[       1659,         336],
       [       1656,         339],
       [       1656,         402],
       [       1659,         405],
       [       1659,         411],
       [       1665,         417],
       [       1668,         417],
       [       1671,         420],
       [       1683,         420],
       [       1686,         417],
       [       1707,         417],
       [       1710,         414],
       [       1710,         405],
       [       1713,         402],
       [       1710,         399],
       [       1710,         393],
       [       1704,         387],
       [       1704,         381],
       [       1701,         378],
       [       1701,         363],
       [       1692,         354],
       [       1692,         351],
       [       1689,         348],
       [       1689,         339],
       [       1686,         336]], dtype=float32)]
xyn: [array([[    0.86406,     0.31111],
       [     0.8625,     0.31389],
       [     0.8625,     0.37222],
       [    0.86406,       0.375],
       [    0.86406,     0.38056],
       [    0.86719,     0.38611],
       [    0.86875,     0.38611],
       [    0.87031,     0.38889],
       [    0.87656,     0.38889],
       [    0.87813,     0.38611],
       [    0.88906,     0.38611],
       [    0.89062,     0.38333],
       [    0.89062,       0.375],
       [    0.89219,     0.37222],
       [    0.89062,     0.36944],
       [    0.89062,     0.36389],
       [     0.8875,     0.35833],
       [     0.8875,     0.35278],
       [    0.88594,        0.35],
       [    0.88594,     0.33611],
       [    0.88125,     0.32778],
       [    0.88125,       0.325],
       [    0.87969,     0.32222],
       [    0.87969,     0.31389],
       [    0.87813,     0.31111]], dtype=float32)]
Car #22 Mask Coordinates:
ultralytics.engine.results.Masks object with attributes:

data: tensor([[[0., 0., 0.,  ..., 0., 0., 0.],
         [0., 0., 0.,  ..., 0., 0., 0.],
         [0., 0., 0.,  ..., 0., 0., 0.],
         ...,
         [0., 0., 0.,  ..., 0., 0., 0.],
         [0., 0., 0.,  ..., 0., 0., 0.],
         [0., 0., 0.,  ..., 0., 0., 0.]]])
orig_shape: (1080, 1920)
shape: torch.Size([1, 384, 640])
xy: [array([[       1779,         216],
       [       1776,         219],
       [       1776,         246],
       [       1779,         249],
       [       1794,         249],
       [       1797,         252],
       [       1800,         252],
       [       1803,         255],
       [       1806,         255],
       [       1809,         258],
       [       1821,         258],
       [       1824,         255],
       [       1827,         255],
       [       1830,         252],
       [       1833,         252],
       [       1836,         249],
       [       1842,         249],
       [       1842,         246],
       [       1845,         243],
       [       1842,         240],
       [       1842,         237],
       [       1824,         219],
       [       1821,         219],
       [       1818,         216]], dtype=float32)]
xyn: [array([[    0.92656,         0.2],
       [      0.925,     0.20278],
       [      0.925,     0.22778],
       [    0.92656,     0.23056],
       [    0.93437,     0.23056],
       [    0.93594,     0.23333],
       [     0.9375,     0.23333],
       [    0.93906,     0.23611],
       [    0.94063,     0.23611],
       [    0.94219,     0.23889],
       [    0.94844,     0.23889],
       [       0.95,     0.23611],
       [    0.95156,     0.23611],
       [    0.95312,     0.23333],
       [    0.95469,     0.23333],
       [    0.95625,     0.23056],
       [    0.95938,     0.23056],
       [    0.95938,     0.22778],
       [    0.96094,       0.225],
       [    0.95938,     0.22222],
       [    0.95938,     0.21944],
       [       0.95,     0.20278],
       [    0.94844,     0.20278],
       [    0.94687,         0.2]], dtype=float32)]
Car #23 Mask Coordinates:
ultralytics.engine.results.Masks object with attributes:

data: tensor([[[0., 0., 0.,  ..., 0., 0., 0.],
         [0., 0., 0.,  ..., 0., 0., 0.],
         [0., 0., 0.,  ..., 0., 0., 0.],
         ...,
         [0., 0., 0.,  ..., 0., 0., 0.],
         [0., 0., 0.,  ..., 0., 0., 0.],
         [0., 0., 0.,  ..., 0., 0., 0.]]])
orig_shape: (1080, 1920)
shape: torch.Size([1, 384, 640])
xy: [array([[       1791,         420],
       [       1788,         423],
       [       1788,         438],
       [       1797,         447],
       [       1797,         450],
       [       1800,         453],
       [       1800,         462],
       [       1803,         465],
       [       1803,         468],
       [       1806,         471],
       [       1806,         474],
       [       1809,         474],
       [       1812,         477],
       [       1833,         477],
       [       1839,         471],
       [       1839,         459],
       [       1836,         456],
       [       1836,         453],
       [       1833,         450],
       [       1833,         435],
       [       1818,         420]], dtype=float32)]
xyn: [array([[    0.93281,     0.38889],
       [    0.93125,     0.39167],
       [    0.93125,     0.40556],
       [    0.93594,     0.41389],
       [    0.93594,     0.41667],
       [     0.9375,     0.41944],
       [     0.9375,     0.42778],
       [    0.93906,     0.43056],
       [    0.93906,     0.43333],
       [    0.94063,     0.43611],
       [    0.94063,     0.43889],
       [    0.94219,     0.43889],
       [    0.94375,     0.44167],
       [    0.95469,     0.44167],
       [    0.95781,     0.43611],
       [    0.95781,       0.425],
       [    0.95625,     0.42222],
       [    0.95625,     0.41944],
       [    0.95469,     0.41667],
       [    0.95469,     0.40278],
       [    0.94687,     0.38889]], dtype=float32)]
Car #24 Mask Coordinates:
ultralytics.engine.results.Masks object with attributes:

data: tensor([[[0., 0., 0.,  ..., 0., 0., 0.],
         [0., 0., 0.,  ..., 0., 0., 0.],
         [0., 0., 0.,  ..., 0., 0., 0.],
         ...,
         [0., 0., 0.,  ..., 0., 0., 0.],
         [0., 0., 0.,  ..., 0., 0., 0.],
         [0., 0., 0.,  ..., 0., 0., 0.]]])
orig_shape: (1080, 1920)
shape: torch.Size([1, 384, 640])
xy: [array([[       1875,         120],
       [       1872,         123],
       [       1872,         138],
       [       1875,         141],
       [       1875,         147],
       [       1878,         150],
       [       1917,         150],
       [       1917,         132],
       [       1911,         132],
       [       1908,         129],
       [       1908,         126],
       [       1902,         120]], dtype=float32)]
xyn: [array([[    0.97656,     0.11111],
       [      0.975,     0.11389],
       [      0.975,     0.12778],
       [    0.97656,     0.13056],
       [    0.97656,     0.13611],
       [    0.97812,     0.13889],
       [    0.99844,     0.13889],
       [    0.99844,     0.12222],
       [    0.99531,     0.12222],
       [    0.99375,     0.11944],
       [    0.99375,     0.11667],
       [    0.99063,     0.11111]], dtype=float32)]
Car #25 Mask Coordinates:
ultralytics.engine.results.Masks object with attributes:

data: tensor([[[0., 0., 0.,  ..., 0., 0., 0.],
         [0., 0., 0.,  ..., 0., 0., 0.],
         [0., 0., 0.,  ..., 0., 0., 0.],
         ...,
         [0., 0., 0.,  ..., 0., 0., 0.],
         [0., 0., 0.,  ..., 0., 0., 0.],
         [0., 0., 0.,  ..., 0., 0., 0.]]])
orig_shape: (1080, 1920)
shape: torch.Size([1, 384, 640])
xy: [array([[       1167,          24],
       [       1164,          27],
       [       1164,          51],
       [       1170,          57],
       [       1182,          57],
       [       1185,          54],
       [       1215,          54],
       [       1218,          51],
       [       1218,          36],
       [       1215,          36],
       [       1212,          33],
       [       1212,          30],
       [       1209,          27],
       [       1206,          27],
       [       1203,          24]], dtype=float32)]
xyn: [array([[    0.60781,    0.022222],
       [    0.60625,       0.025],
       [    0.60625,    0.047222],
       [    0.60938,    0.052778],
       [    0.61563,    0.052778],
       [    0.61719,        0.05],
       [    0.63281,        0.05],
       [    0.63437,    0.047222],
       [    0.63437,    0.033333],
       [    0.63281,    0.033333],
       [    0.63125,    0.030556],
       [    0.63125,    0.027778],
       [    0.62969,       0.025],
       [    0.62813,       0.025],
       [    0.62656,    0.022222]], dtype=float32)]
Car #26 Mask Coordinates:
ultralytics.engine.results.Masks object with attributes:

data: tensor([[[0., 0., 0.,  ..., 0., 0., 0.],
         [0., 0., 0.,  ..., 0., 0., 0.],
         [0., 0., 0.,  ..., 0., 0., 0.],
         ...,
         [0., 0., 0.,  ..., 0., 0., 0.],
         [0., 0., 0.,  ..., 0., 0., 0.],
         [0., 0., 0.,  ..., 0., 0., 0.]]])
orig_shape: (1080, 1920)
shape: torch.Size([1, 384, 640])
xy: [array([[         15,         951],
       [         15,         954],
       [         12,         957],
       [         12,         978],
       [         15,         981],
       [         42,         981],
       [         42,         972],
       [         36,         966],
       [         36,         963],
       [         33,         960],
       [         27,         960],
       [         18,         951]], dtype=float32)]
xyn: [array([[  0.0078125,     0.88056],
       [  0.0078125,     0.88333],
       [    0.00625,     0.88611],
       [    0.00625,     0.90556],
       [  0.0078125,     0.90833],
       [   0.021875,     0.90833],
       [   0.021875,         0.9],
       [    0.01875,     0.89444],
       [    0.01875,     0.89167],
       [   0.017188,     0.88889],
       [   0.014062,     0.88889],
       [   0.009375,     0.88056]], dtype=float32)]
