Car #1 Mask Coordinates:
ultralytics.engine.results.Masks object with attributes:

data: tensor([[[0., 0., 0.,  ..., 0., 0., 0.],
         [0., 0., 0.,  ..., 0., 0., 0.],
         [0., 0., 0.,  ..., 0., 0., 0.],
         ...,
         [0., 0., 0.,  ..., 0., 0., 0.],
         [0., 0., 0.,  ..., 0., 0., 0.],
         [0., 0., 0.,  ..., 0., 0., 0.]]])
orig_shape: (1080, 1920)
shape: torch.Size([1, 384, 640])
xy: [array([[       1686,         564],
       [       1680,         570],
       [       1680,         615],
       [       1683,         618],
       [       1683,         621],
       [       1686,         624],
       [       1689,         624],
       [       1695,         630],
       [       1701,         630],
       [       1704,         633],
       [       1722,         633],
       [       1725,         636],
       [       1728,         636],
       [       1734,         642],
       [       1737,         642],
       [       1740,         645],
       [       1746,         645],
       [       1755,         654],
       [       1758,         654],
       [       1764,         660],
       [       1767,         660],
       [       1773,         666],
       [       1773,         669],
       [       1776,         672],
       [       1776,         675],
       [       1779,         678],
       [       1782,         678],
       [       1785,         681],
       [       1803,         681],
       [       1815,         669],
       [       1818,         669],
       [       1818,         666],
       [       1821,         663],
       [       1821,         657],
       [       1824,         654],
       [       1824,         651],
       [       1830,         645],
       [       1830,         642],
       [       1833,         639],
       [       1833,         618],
       [       1821,         606],
       [       1821,         603],
       [       1818,         600],
       [       1815,         600],
       [       1803,         588],
       [       1800,         588],
       [       1797,         585],
       [       1794,         585],
       [       1785,         576],
       [       1779,         576],
       [       1770,         567],
       [       1767,         567],
       [       1764,         564]], dtype=float32)]
xyn: [array([[    0.87813,     0.52222],
       [      0.875,     0.52778],
       [      0.875,     0.56944],
       [    0.87656,     0.57222],
       [    0.87656,       0.575],
       [    0.87813,     0.57778],
       [    0.87969,     0.57778],
       [    0.88281,     0.58333],
       [    0.88594,     0.58333],
       [     0.8875,     0.58611],
       [    0.89688,     0.58611],
       [    0.89844,     0.58889],
       [        0.9,     0.58889],
       [    0.90312,     0.59444],
       [    0.90469,     0.59444],
       [    0.90625,     0.59722],
       [    0.90938,     0.59722],
       [    0.91406,     0.60556],
       [    0.91562,     0.60556],
       [    0.91875,     0.61111],
       [    0.92031,     0.61111],
       [    0.92344,     0.61667],
       [    0.92344,     0.61944],
       [      0.925,     0.62222],
       [      0.925,       0.625],
       [    0.92656,     0.62778],
       [    0.92813,     0.62778],
       [    0.92969,     0.63056],
       [    0.93906,     0.63056],
       [    0.94531,     0.61944],
       [    0.94687,     0.61944],
       [    0.94687,     0.61667],
       [    0.94844,     0.61389],
       [    0.94844,     0.60833],
       [       0.95,     0.60556],
       [       0.95,     0.60278],
       [    0.95312,     0.59722],
       [    0.95312,     0.59444],
       [    0.95469,     0.59167],
       [    0.95469,     0.57222],
       [    0.94844,     0.56111],
       [    0.94844,     0.55833],
       [    0.94687,     0.55556],
       [    0.94531,     0.55556],
       [    0.93906,     0.54444],
       [     0.9375,     0.54444],
       [    0.93594,     0.54167],
       [    0.93437,     0.54167],
       [    0.92969,     0.53333],
       [    0.92656,     0.53333],
       [    0.92188,       0.525],
       [    0.92031,       0.525],
       [    0.91875,     0.52222]], dtype=float32)]
Car #2 Mask Coordinates:
ultralytics.engine.results.Masks object with attributes:

data: tensor([[[0., 0., 0.,  ..., 0., 0., 0.],
         [0., 0., 0.,  ..., 0., 0., 0.],
         [0., 0., 0.,  ..., 0., 0., 0.],
         ...,
         [0., 0., 0.,  ..., 0., 0., 0.],
         [0., 0., 0.,  ..., 0., 0., 0.],
         [0., 0., 0.,  ..., 0., 0., 0.]]])
orig_shape: (1080, 1920)
shape: torch.Size([1, 384, 640])
xy: [array([[        519,         516],
       [        507,         528],
       [        498,         528],
       [        486,         540],
       [        483,         540],
       [        480,         543],
       [        480,         597],
       [        483,         600],
       [        483,         603],
       [        486,         606],
       [        495,         606],
       [        498,         609],
       [        507,         609],
       [        510,         606],
       [        516,         606],
       [        522,         600],
       [        531,         600],
       [        534,         597],
       [        609,         597],
       [        612,         594],
       [        615,         594],
       [        621,         588],
       [        624,         588],
       [        630,         582],
       [        633,         582],
       [        633,         579],
       [        642,         570],
       [        642,         564],
       [        645,         561],
       [        645,         534],
       [        642,         531],
       [        642,         528],
       [        636,         522],
       [        636,         519],
       [        633,         519],
       [        630,         516]], dtype=float32)]
xyn: [array([[    0.27031,     0.47778],
       [    0.26406,     0.48889],
       [    0.25938,     0.48889],
       [    0.25313,         0.5],
       [    0.25156,         0.5],
       [       0.25,     0.50278],
       [       0.25,     0.55278],
       [    0.25156,     0.55556],
       [    0.25156,     0.55833],
       [    0.25313,     0.56111],
       [    0.25781,     0.56111],
       [    0.25938,     0.56389],
       [    0.26406,     0.56389],
       [    0.26562,     0.56111],
       [    0.26875,     0.56111],
       [    0.27187,     0.55556],
       [    0.27656,     0.55556],
       [    0.27812,     0.55278],
       [    0.31719,     0.55278],
       [    0.31875,        0.55],
       [    0.32031,        0.55],
       [    0.32344,     0.54444],
       [      0.325,     0.54444],
       [    0.32812,     0.53889],
       [    0.32969,     0.53889],
       [    0.32969,     0.53611],
       [    0.33437,     0.52778],
       [    0.33437,     0.52222],
       [    0.33594,     0.51944],
       [    0.33594,     0.49444],
       [    0.33437,     0.49167],
       [    0.33437,     0.48889],
       [    0.33125,     0.48333],
       [    0.33125,     0.48056],
       [    0.32969,     0.48056],
       [    0.32812,     0.47778]], dtype=float32)]
Car #3 Mask Coordinates:
ultralytics.engine.results.Masks object with attributes:

data: tensor([[[0., 0., 0.,  ..., 0., 0., 0.],
         [0., 0., 0.,  ..., 0., 0., 0.],
         [0., 0., 0.,  ..., 0., 0., 0.],
         ...,
         [0., 0., 0.,  ..., 0., 0., 0.],
         [0., 0., 0.,  ..., 0., 0., 0.],
         [0., 0., 0.,  ..., 0., 0., 0.]]])
orig_shape: (1080, 1920)
shape: torch.Size([1, 384, 640])
xy: [array([[       1110,         780],
       [       1104,         786],
       [       1104,         867],
       [       1107,         870],
       [       1107,         873],
       [       1110,         873],
       [       1116,         879],
       [       1119,         879],
       [       1122,         882],
       [       1131,         882],
       [       1134,         879],
       [       1137,         879],
       [       1140,         876],
       [       1155,         876],
       [       1158,         873],
       [       1263,         873],
       [       1266,         870],
       [       1269,         870],
       [       1272,         867],
       [       1275,         867],
       [       1278,         864],
       [       1281,         864],
       [       1284,         861],
       [       1287,         861],
       [       1293,         855],
       [       1293,         852],
       [       1296,         849],
       [       1296,         846],
       [       1299,         843],
       [       1299,         840],
       [       1302,         837],
       [       1302,         834],
       [       1305,         831],
       [       1305,         816],
       [       1302,         813],
       [       1302,         807],
       [       1296,         801],
       [       1296,         798],
       [       1293,         795],
       [       1293,         789],
       [       1287,         783],
       [       1284,         783],
       [       1281,         780]], dtype=float32)]
xyn: [array([[    0.57812,     0.72222],
       [      0.575,     0.72778],
       [      0.575,     0.80278],
       [    0.57656,     0.80556],
       [    0.57656,     0.80833],
       [    0.57812,     0.80833],
       [    0.58125,     0.81389],
       [    0.58281,     0.81389],
       [    0.58438,     0.81667],
       [    0.58906,     0.81667],
       [    0.59062,     0.81389],
       [    0.59219,     0.81389],
       [    0.59375,     0.81111],
       [    0.60156,     0.81111],
       [    0.60312,     0.80833],
       [    0.65781,     0.80833],
       [    0.65938,     0.80556],
       [    0.66094,     0.80556],
       [     0.6625,     0.80278],
       [    0.66406,     0.80278],
       [    0.66562,         0.8],
       [    0.66719,         0.8],
       [    0.66875,     0.79722],
       [    0.67031,     0.79722],
       [    0.67344,     0.79167],
       [    0.67344,     0.78889],
       [      0.675,     0.78611],
       [      0.675,     0.78333],
       [    0.67656,     0.78056],
       [    0.67656,     0.77778],
       [    0.67813,       0.775],
       [    0.67813,     0.77222],
       [    0.67969,     0.76944],
       [    0.67969,     0.75556],
       [    0.67813,     0.75278],
       [    0.67813,     0.74722],
       [      0.675,     0.74167],
       [      0.675,     0.73889],
       [    0.67344,     0.73611],
       [    0.67344,     0.73056],
       [    0.67031,       0.725],
       [    0.66875,       0.725],
       [    0.66719,     0.72222]], dtype=float32)]
Car #4 Mask Coordinates:
ultralytics.engine.results.Masks object with attributes:

data: tensor([[[0., 0., 0.,  ..., 0., 0., 0.],
         [0., 0., 0.,  ..., 0., 0., 0.],
         [0., 0., 0.,  ..., 0., 0., 0.],
         ...,
         [0., 0., 0.,  ..., 0., 0., 0.],
         [0., 0., 0.,  ..., 0., 0., 0.],
         [0., 0., 0.,  ..., 0., 0., 0.]]])
orig_shape: (1080, 1920)
shape: torch.Size([1, 384, 640])
xy: [array([[       1347,         804],
       [       1335,         816],
       [       1335,         819],
       [       1332,         822],
       [       1332,         870],
       [       1335,         873],
       [       1335,         876],
       [       1344,         885],
       [       1347,         885],
       [       1356,         894],
       [       1359,         894],
       [       1362,         897],
       [       1365,         897],
       [       1368,         894],
       [       1383,         894],
       [       1386,         891],
       [       1422,         891],
       [       1425,         888],
       [       1443,         888],
       [       1446,         885],
       [       1455,         885],
       [       1458,         888],
       [       1467,         888],
       [       1470,         891],
       [       1479,         891],
       [       1482,         894],
       [       1485,         894],
       [       1488,         891],
       [       1506,         891],
       [       1509,         888],
       [       1515,         888],
       [       1524,         879],
       [       1524,         873],
       [       1527,         870],
       [       1527,         843],
       [       1524,         840],
       [       1524,         831],
       [       1521,         828],
       [       1521,         819],
       [       1518,         816],
       [       1515,         816],
       [       1512,         813],
       [       1509,         813],
       [       1503,         807],
       [       1497,         807],
       [       1494,         804]], dtype=float32)]
xyn: [array([[    0.70156,     0.74444],
       [    0.69531,     0.75556],
       [    0.69531,     0.75833],
       [    0.69375,     0.76111],
       [    0.69375,     0.80556],
       [    0.69531,     0.80833],
       [    0.69531,     0.81111],
       [        0.7,     0.81944],
       [    0.70156,     0.81944],
       [    0.70625,     0.82778],
       [    0.70781,     0.82778],
       [    0.70938,     0.83056],
       [    0.71094,     0.83056],
       [     0.7125,     0.82778],
       [    0.72031,     0.82778],
       [    0.72188,       0.825],
       [    0.74063,       0.825],
       [    0.74219,     0.82222],
       [    0.75156,     0.82222],
       [    0.75313,     0.81944],
       [    0.75781,     0.81944],
       [    0.75937,     0.82222],
       [    0.76406,     0.82222],
       [    0.76562,       0.825],
       [    0.77031,       0.825],
       [    0.77188,     0.82778],
       [    0.77344,     0.82778],
       [      0.775,       0.825],
       [    0.78438,       0.825],
       [    0.78594,     0.82222],
       [    0.78906,     0.82222],
       [    0.79375,     0.81389],
       [    0.79375,     0.80833],
       [    0.79531,     0.80556],
       [    0.79531,     0.78056],
       [    0.79375,     0.77778],
       [    0.79375,     0.76944],
       [    0.79219,     0.76667],
       [    0.79219,     0.75833],
       [    0.79062,     0.75556],
       [    0.78906,     0.75556],
       [     0.7875,     0.75278],
       [    0.78594,     0.75278],
       [    0.78281,     0.74722],
       [    0.77969,     0.74722],
       [    0.77812,     0.74444]], dtype=float32)]
Car #5 Mask Coordinates:
ultralytics.engine.results.Masks object with attributes:

data: tensor([[[0., 0., 0.,  ..., 0., 0., 0.],
         [0., 0., 0.,  ..., 0., 0., 0.],
         [0., 0., 0.,  ..., 0., 0., 0.],
         ...,
         [0., 0., 0.,  ..., 0., 0., 0.],
         [0., 0., 0.,  ..., 0., 0., 0.],
         [0., 0., 0.,  ..., 0., 0., 0.]]])
orig_shape: (1080, 1920)
shape: torch.Size([1, 384, 640])
xy: [array([[        339,         804],
       [        324,         819],
       [        324,         873],
       [        327,         876],
       [        327,         879],
       [        333,         885],
       [        336,         885],
       [        339,         888],
       [        342,         888],
       [        345,         891],
       [        348,         891],
       [        351,         894],
       [        357,         894],
       [        360,         897],
       [        384,         897],
       [        387,         894],
       [        444,         894],
       [        447,         897],
       [        459,         897],
       [        462,         894],
       [        468,         894],
       [        486,         876],
       [        486,         873],
       [        489,         870],
       [        489,         825],
       [        486,         822],
       [        486,         819],
       [        483,         816],
       [        480,         816],
       [        474,         810],
       [        471,         810],
       [        468,         807],
       [        465,         807],
       [        462,         804]], dtype=float32)]
xyn: [array([[    0.17656,     0.74444],
       [    0.16875,     0.75833],
       [    0.16875,     0.80833],
       [    0.17031,     0.81111],
       [    0.17031,     0.81389],
       [    0.17344,     0.81944],
       [      0.175,     0.81944],
       [    0.17656,     0.82222],
       [    0.17812,     0.82222],
       [    0.17969,       0.825],
       [    0.18125,       0.825],
       [    0.18281,     0.82778],
       [    0.18594,     0.82778],
       [     0.1875,     0.83056],
       [        0.2,     0.83056],
       [    0.20156,     0.82778],
       [    0.23125,     0.82778],
       [    0.23281,     0.83056],
       [    0.23906,     0.83056],
       [    0.24062,     0.82778],
       [    0.24375,     0.82778],
       [    0.25313,     0.81111],
       [    0.25313,     0.80833],
       [    0.25469,     0.80556],
       [    0.25469,     0.76389],
       [    0.25313,     0.76111],
       [    0.25313,     0.75833],
       [    0.25156,     0.75556],
       [       0.25,     0.75556],
       [    0.24688,        0.75],
       [    0.24531,        0.75],
       [    0.24375,     0.74722],
       [    0.24219,     0.74722],
       [    0.24062,     0.74444]], dtype=float32)]
Car #6 Mask Coordinates:
ultralytics.engine.results.Masks object with attributes:

data: tensor([[[0., 0., 0.,  ..., 0., 0., 0.],
         [0., 0., 0.,  ..., 0., 0., 0.],
         [0., 0., 0.,  ..., 0., 0., 0.],
         ...,
         [0., 0., 0.,  ..., 0., 0., 0.],
         [0., 0., 0.,  ..., 0., 0., 0.],
         [0., 0., 0.,  ..., 0., 0., 0.]]])
orig_shape: (1080, 1920)
shape: torch.Size([1, 384, 640])
xy: [array([[        849,         816],
       [        846,         819],
       [        843,         819],
       [        834,         828],
       [        831,         828],
       [        828,         831],
       [        828,         882],
       [        831,         885],
       [        831,         888],
       [        840,         897],
       [        846,         897],
       [        852,         903],
       [        855,         903],
       [        858,         906],
       [        864,         906],
       [        867,         909],
       [        873,         909],
       [        876,         906],
       [        936,         906],
       [        939,         903],
       [        951,         903],
       [        954,         900],
       [        969,         900],
       [        972,         903],
       [        993,         903],
       [        996,         906],
       [       1014,         906],
       [       1023,         897],
       [       1026,         897],
       [       1041,         882],
       [       1041,         879],
       [       1044,         876],
       [       1044,         873],
       [       1047,         870],
       [       1047,         843],
       [       1044,         840],
       [       1044,         831],
       [       1041,         828],
       [       1041,         819],
       [       1038,         819],
       [       1035,         816]], dtype=float32)]
xyn: [array([[    0.44219,     0.75556],
       [    0.44063,     0.75833],
       [    0.43906,     0.75833],
       [    0.43437,     0.76667],
       [    0.43281,     0.76667],
       [    0.43125,     0.76944],
       [    0.43125,     0.81667],
       [    0.43281,     0.81944],
       [    0.43281,     0.82222],
       [     0.4375,     0.83056],
       [    0.44063,     0.83056],
       [    0.44375,     0.83611],
       [    0.44531,     0.83611],
       [    0.44688,     0.83889],
       [       0.45,     0.83889],
       [    0.45156,     0.84167],
       [    0.45469,     0.84167],
       [    0.45625,     0.83889],
       [     0.4875,     0.83889],
       [    0.48906,     0.83611],
       [    0.49531,     0.83611],
       [    0.49687,     0.83333],
       [    0.50469,     0.83333],
       [    0.50625,     0.83611],
       [    0.51719,     0.83611],
       [    0.51875,     0.83889],
       [    0.52812,     0.83889],
       [    0.53281,     0.83056],
       [    0.53438,     0.83056],
       [    0.54219,     0.81667],
       [    0.54219,     0.81389],
       [    0.54375,     0.81111],
       [    0.54375,     0.80833],
       [    0.54531,     0.80556],
       [    0.54531,     0.78056],
       [    0.54375,     0.77778],
       [    0.54375,     0.76944],
       [    0.54219,     0.76667],
       [    0.54219,     0.75833],
       [    0.54062,     0.75833],
       [    0.53906,     0.75556]], dtype=float32)]
Car #7 Mask Coordinates:
ultralytics.engine.results.Masks object with attributes:

data: tensor([[[0., 0., 0.,  ..., 0., 0., 0.],
         [0., 0., 0.,  ..., 0., 0., 0.],
         [0., 0., 0.,  ..., 0., 0., 0.],
         ...,
         [0., 0., 0.,  ..., 0., 0., 0.],
         [0., 0., 0.,  ..., 0., 0., 0.],
         [0., 0., 0.,  ..., 0., 0., 0.]]])
orig_shape: (1080, 1920)
shape: torch.Size([1, 384, 640])
xy: [array([[       1545,         504],
       [       1542,         507],
       [       1539,         507],
       [       1539,         510],
       [       1536,         513],
       [       1536,         570],
       [       1539,         573],
       [       1542,         573],
       [       1551,         582],
       [       1557,         582],
       [       1563,         576],
       [       1569,         576],
       [       1572,         579],
       [       1578,         579],
       [       1581,         582],
       [       1602,         582],
       [       1605,         585],
       [       1629,         585],
       [       1632,         588],
       [       1641,         588],
       [       1644,         585],
       [       1650,         585],
       [       1653,         582],
       [       1653,         561],
       [       1656,         558],
       [       1656,         552],
       [       1653,         549],
       [       1653,         519],
       [       1638,         504]], dtype=float32)]
xyn: [array([[    0.80469,     0.46667],
       [    0.80313,     0.46944],
       [    0.80156,     0.46944],
       [    0.80156,     0.47222],
       [        0.8,       0.475],
       [        0.8,     0.52778],
       [    0.80156,     0.53056],
       [    0.80313,     0.53056],
       [    0.80781,     0.53889],
       [    0.81094,     0.53889],
       [    0.81406,     0.53333],
       [    0.81719,     0.53333],
       [    0.81875,     0.53611],
       [    0.82187,     0.53611],
       [    0.82344,     0.53889],
       [    0.83438,     0.53889],
       [    0.83594,     0.54167],
       [    0.84844,     0.54167],
       [       0.85,     0.54444],
       [    0.85469,     0.54444],
       [    0.85625,     0.54167],
       [    0.85938,     0.54167],
       [    0.86094,     0.53889],
       [    0.86094,     0.51944],
       [     0.8625,     0.51667],
       [     0.8625,     0.51111],
       [    0.86094,     0.50833],
       [    0.86094,     0.48056],
       [    0.85312,     0.46667]], dtype=float32)]
Car #8 Mask Coordinates:
ultralytics.engine.results.Masks object with attributes:

data: tensor([[[0., 0., 0.,  ..., 0., 0., 0.],
         [0., 0., 0.,  ..., 0., 0., 0.],
         [0., 0., 0.,  ..., 0., 0., 0.],
         ...,
         [0., 0., 0.,  ..., 0., 0., 0.],
         [0., 0., 0.,  ..., 0., 0., 0.],
         [0., 0., 0.,  ..., 0., 0., 0.]]])
orig_shape: (1080, 1920)
shape: torch.Size([1, 384, 640])
xy: [array([[        243,         564],
       [        228,         579],
       [        228,         582],
       [        216,         594],
       [        216,         636],
       [        219,         639],
       [        219,         642],
       [        225,         642],
       [        228,         645],
       [        231,         645],
       [        234,         642],
       [        237,         642],
       [        240,         639],
       [        243,         639],
       [        246,         636],
       [        249,         636],
       [        252,         633],
       [        270,         633],
       [        273,         630],
       [        276,         630],
       [        282,         624],
       [        288,         624],
       [        291,         621],
       [        306,         621],
       [        324,         603],
       [        324,         597],
       [        327,         594],
       [        327,         570],
       [        324,         567],
       [        321,         567],
       [        318,         564]], dtype=float32)]
xyn: [array([[    0.12656,     0.52222],
       [    0.11875,     0.53611],
       [    0.11875,     0.53889],
       [     0.1125,        0.55],
       [     0.1125,     0.58889],
       [    0.11406,     0.59167],
       [    0.11406,     0.59444],
       [    0.11719,     0.59444],
       [    0.11875,     0.59722],
       [    0.12031,     0.59722],
       [    0.12188,     0.59444],
       [    0.12344,     0.59444],
       [      0.125,     0.59167],
       [    0.12656,     0.59167],
       [    0.12812,     0.58889],
       [    0.12969,     0.58889],
       [    0.13125,     0.58611],
       [    0.14062,     0.58611],
       [    0.14219,     0.58333],
       [    0.14375,     0.58333],
       [    0.14687,     0.57778],
       [       0.15,     0.57778],
       [    0.15156,       0.575],
       [    0.15937,       0.575],
       [    0.16875,     0.55833],
       [    0.16875,     0.55278],
       [    0.17031,        0.55],
       [    0.17031,     0.52778],
       [    0.16875,       0.525],
       [    0.16719,       0.525],
       [    0.16563,     0.52222]], dtype=float32)]
Car #9 Mask Coordinates:
ultralytics.engine.results.Masks object with attributes:

data: tensor([[[0., 0., 0.,  ..., 0., 0., 0.],
         [0., 0., 0.,  ..., 0., 0., 0.],
         [0., 0., 0.,  ..., 0., 0., 0.],
         ...,
         [0., 0., 0.,  ..., 0., 0., 0.],
         [0., 0., 0.,  ..., 0., 0., 0.],
         [0., 0., 0.,  ..., 0., 0., 0.]]])
orig_shape: (1080, 1920)
shape: torch.Size([1, 384, 640])
xy: [array([[        102,         612],
       [         96,         618],
       [         96,         666],
       [        102,         672],
       [        105,         672],
       [        111,         678],
       [        129,         678],
       [        132,         675],
       [        141,         675],
       [        144,         672],
       [        159,         672],
       [        162,         669],
       [        171,         669],
       [        189,         651],
       [        189,         645],
       [        192,         642],
       [        192,         618],
       [        186,         612]], dtype=float32)]
xyn: [array([[   0.053125,     0.56667],
       [       0.05,     0.57222],
       [       0.05,     0.61667],
       [   0.053125,     0.62222],
       [   0.054688,     0.62222],
       [   0.057813,     0.62778],
       [   0.067188,     0.62778],
       [    0.06875,       0.625],
       [   0.073437,       0.625],
       [      0.075,     0.62222],
       [   0.082813,     0.62222],
       [   0.084375,     0.61944],
       [   0.089062,     0.61944],
       [   0.098438,     0.60278],
       [   0.098438,     0.59722],
       [        0.1,     0.59444],
       [        0.1,     0.57222],
       [   0.096875,     0.56667]], dtype=float32)]
Car #10 Mask Coordinates:
ultralytics.engine.results.Masks object with attributes:

data: tensor([[[0., 0., 0.,  ..., 0., 0., 0.],
         [0., 0., 0.,  ..., 0., 0., 0.],
         [0., 0., 0.,  ..., 0., 0., 0.],
         ...,
         [0., 0., 0.,  ..., 0., 0., 0.],
         [0., 0., 0.,  ..., 0., 0., 0.],
         [0., 0., 0.,  ..., 0., 0., 0.]]])
orig_shape: (1080, 1920)
shape: torch.Size([1, 384, 640])
xy: [array([[        963,         444],
       [        960,         447],
       [        957,         447],
       [        951,         453],
       [        951,         456],
       [        948,         459],
       [        948,         474],
       [        945,         477],
       [        945,         480],
       [        939,         486],
       [        939,         489],
       [        936,         492],
       [        936,         501],
       [        933,         504],
       [        933,         507],
       [        927,         513],
       [        927,         519],
       [        924,         522],
       [        924,         579],
       [        927,         582],
       [        927,         585],
       [        930,         585],
       [        939,         594],
       [        948,         594],
       [        951,         597],
       [        987,         597],
       [        990,         594],
       [        996,         594],
       [       1002,         588],
       [       1002,         585],
       [       1005,         582],
       [       1005,         564],
       [       1008,         561],
       [       1008,         552],
       [       1014,         546],
       [       1014,         537],
       [       1017,         534],
       [       1017,         507],
       [       1020,         504],
       [       1020,         501],
       [       1026,         495],
       [       1026,         489],
       [       1029,         486],
       [       1029,         459],
       [       1026,         456],
       [       1026,         453],
       [       1020,         447],
       [       1017,         447],
       [       1014,         444]], dtype=float32)]
xyn: [array([[    0.50156,     0.41111],
       [        0.5,     0.41389],
       [    0.49844,     0.41389],
       [    0.49531,     0.41944],
       [    0.49531,     0.42222],
       [    0.49375,       0.425],
       [    0.49375,     0.43889],
       [    0.49219,     0.44167],
       [    0.49219,     0.44444],
       [    0.48906,        0.45],
       [    0.48906,     0.45278],
       [     0.4875,     0.45556],
       [     0.4875,     0.46389],
       [    0.48594,     0.46667],
       [    0.48594,     0.46944],
       [    0.48281,       0.475],
       [    0.48281,     0.48056],
       [    0.48125,     0.48333],
       [    0.48125,     0.53611],
       [    0.48281,     0.53889],
       [    0.48281,     0.54167],
       [    0.48438,     0.54167],
       [    0.48906,        0.55],
       [    0.49375,        0.55],
       [    0.49531,     0.55278],
       [    0.51406,     0.55278],
       [    0.51562,        0.55],
       [    0.51875,        0.55],
       [    0.52188,     0.54444],
       [    0.52188,     0.54167],
       [    0.52344,     0.53889],
       [    0.52344,     0.52222],
       [      0.525,     0.51944],
       [      0.525,     0.51111],
       [    0.52812,     0.50556],
       [    0.52812,     0.49722],
       [    0.52969,     0.49444],
       [    0.52969,     0.46944],
       [    0.53125,     0.46667],
       [    0.53125,     0.46389],
       [    0.53438,     0.45833],
       [    0.53438,     0.45278],
       [    0.53594,        0.45],
       [    0.53594,       0.425],
       [    0.53438,     0.42222],
       [    0.53438,     0.41944],
       [    0.53125,     0.41389],
       [    0.52969,     0.41389],
       [    0.52812,     0.41111]], dtype=float32)]
Car #11 Mask Coordinates:
ultralytics.engine.results.Masks object with attributes:

data: tensor([[[0., 0., 0.,  ..., 0., 0., 0.],
         [0., 0., 0.,  ..., 0., 0., 0.],
         [0., 0., 0.,  ..., 0., 0., 0.],
         ...,
         [0., 0., 0.,  ..., 0., 0., 0.],
         [0., 0., 0.,  ..., 0., 0., 0.],
         [0., 0., 0.,  ..., 0., 0., 0.]]])
orig_shape: (1080, 1920)
shape: torch.Size([1, 384, 640])
xy: [array([[         63,         828],
       [         60,         831],
       [         60,         882],
       [         66,         888],
       [         69,         888],
       [         75,         894],
       [         75,         897],
       [         78,         900],
       [         93,         900],
       [         96,         897],
       [        147,         897],
       [        153,         891],
       [        153,         873],
       [        156,         870],
       [        156,         864],
       [        153,         861],
       [        153,         837],
       [        150,         834],
       [        150,         831],
       [        144,         831],
       [        141,         828]], dtype=float32)]
xyn: [array([[   0.032812,     0.76667],
       [    0.03125,     0.76944],
       [    0.03125,     0.81667],
       [   0.034375,     0.82222],
       [   0.035937,     0.82222],
       [   0.039062,     0.82778],
       [   0.039062,     0.83056],
       [   0.040625,     0.83333],
       [   0.048437,     0.83333],
       [       0.05,     0.83056],
       [   0.076563,     0.83056],
       [   0.079687,       0.825],
       [   0.079687,     0.80833],
       [    0.08125,     0.80556],
       [    0.08125,         0.8],
       [   0.079687,     0.79722],
       [   0.079687,       0.775],
       [   0.078125,     0.77222],
       [   0.078125,     0.76944],
       [      0.075,     0.76944],
       [   0.073437,     0.76667]], dtype=float32)]
Car #12 Mask Coordinates:
ultralytics.engine.results.Masks object with attributes:

data: tensor([[[0., 0., 0.,  ..., 0., 0., 0.],
         [0., 0., 0.,  ..., 0., 0., 0.],
         [0., 0., 0.,  ..., 0., 0., 0.],
         ...,
         [0., 0., 0.,  ..., 0., 0., 0.],
         [0., 0., 0.,  ..., 0., 0., 0.],
         [0., 0., 0.,  ..., 0., 0., 0.]]])
orig_shape: (1080, 1920)
shape: torch.Size([1, 384, 640])
xy: [array([[        159,         816],
       [        156,         819],
       [        156,         858],
       [        159,         861],
       [        159,         867],
       [        165,         873],
       [        165,         876],
       [        174,         885],
       [        177,         885],
       [        183,         891],
       [        186,         891],
       [        189,         894],
       [        195,         894],
       [        198,         897],
       [        216,         897],
       [        219,         894],
       [        240,         894],
       [        243,         891],
       [        270,         891],
       [        273,         888],
       [        279,         888],
       [        294,         873],
       [        294,         870],
       [        297,         867],
       [        297,         822],
       [        291,         816],
       [        213,         816],
       [        210,         819],
       [        201,         819],
       [        198,         822],
       [        195,         822],
       [        192,         819],
       [        180,         819],
       [        177,         816]], dtype=float32)]
xyn: [array([[   0.082813,     0.75556],
       [    0.08125,     0.75833],
       [    0.08125,     0.79444],
       [   0.082813,     0.79722],
       [   0.082813,     0.80278],
       [   0.085938,     0.80833],
       [   0.085938,     0.81111],
       [   0.090625,     0.81944],
       [   0.092188,     0.81944],
       [   0.095312,       0.825],
       [   0.096875,       0.825],
       [   0.098438,     0.82778],
       [    0.10156,     0.82778],
       [    0.10312,     0.83056],
       [     0.1125,     0.83056],
       [    0.11406,     0.82778],
       [      0.125,     0.82778],
       [    0.12656,       0.825],
       [    0.14062,       0.825],
       [    0.14219,     0.82222],
       [    0.14531,     0.82222],
       [    0.15313,     0.80833],
       [    0.15313,     0.80556],
       [    0.15469,     0.80278],
       [    0.15469,     0.76111],
       [    0.15156,     0.75556],
       [    0.11094,     0.75556],
       [    0.10938,     0.75833],
       [    0.10469,     0.75833],
       [    0.10312,     0.76111],
       [    0.10156,     0.76111],
       [        0.1,     0.75833],
       [    0.09375,     0.75833],
       [   0.092188,     0.75556]], dtype=float32)]
Car #13 Mask Coordinates:
ultralytics.engine.results.Masks object with attributes:

data: tensor([[[0., 0., 0.,  ..., 0., 0., 0.],
         [0., 0., 0.,  ..., 0., 0., 0.],
         [0., 0., 0.,  ..., 0., 0., 0.],
         ...,
         [0., 0., 0.,  ..., 0., 0., 0.],
         [0., 0., 0.,  ..., 0., 0., 0.],
         [0., 0., 0.,  ..., 0., 0., 0.]]])
orig_shape: (1080, 1920)
shape: torch.Size([1, 384, 640])
xy: [array([[        567,         816],
       [        552,         831],
       [        552,         885],
       [        555,         888],
       [        555,         891],
       [        561,         897],
       [        564,         897],
       [        567,         900],
       [        570,         900],
       [        573,         903],
       [        576,         903],
       [        579,         906],
       [        618,         906],
       [        621,         909],
       [        627,         909],
       [        630,         912],
       [        633,         909],
       [        654,         909],
       [        657,         912],
       [        684,         912],
       [        687,         915],
       [        714,         915],
       [        717,         912],
       [        726,         912],
       [        729,         909],
       [        735,         909],
       [        741,         903],
       [        741,         900],
       [        744,         897],
       [        744,         894],
       [        747,         891],
       [        747,         888],
       [        750,         885],
       [        750,         855],
       [        744,         849],
       [        744,         846],
       [        741,         843],
       [        741,         840],
       [        738,         837],
       [        738,         834],
       [        735,         831],
       [        732,         831],
       [        729,         828],
       [        726,         828],
       [        723,         825],
       [        720,         825],
       [        714,         819],
       [        711,         819],
       [        708,         816]], dtype=float32)]
xyn: [array([[    0.29531,     0.75556],
       [     0.2875,     0.76944],
       [     0.2875,     0.81944],
       [    0.28906,     0.82222],
       [    0.28906,       0.825],
       [    0.29219,     0.83056],
       [    0.29375,     0.83056],
       [    0.29531,     0.83333],
       [    0.29688,     0.83333],
       [    0.29844,     0.83611],
       [        0.3,     0.83611],
       [    0.30156,     0.83889],
       [    0.32188,     0.83889],
       [    0.32344,     0.84167],
       [    0.32656,     0.84167],
       [    0.32812,     0.84444],
       [    0.32969,     0.84167],
       [    0.34062,     0.84167],
       [    0.34219,     0.84444],
       [    0.35625,     0.84444],
       [    0.35781,     0.84722],
       [    0.37187,     0.84722],
       [    0.37344,     0.84444],
       [    0.37813,     0.84444],
       [    0.37969,     0.84167],
       [    0.38281,     0.84167],
       [    0.38594,     0.83611],
       [    0.38594,     0.83333],
       [     0.3875,     0.83056],
       [     0.3875,     0.82778],
       [    0.38906,       0.825],
       [    0.38906,     0.82222],
       [    0.39062,     0.81944],
       [    0.39062,     0.79167],
       [     0.3875,     0.78611],
       [     0.3875,     0.78333],
       [    0.38594,     0.78056],
       [    0.38594,     0.77778],
       [    0.38438,       0.775],
       [    0.38438,     0.77222],
       [    0.38281,     0.76944],
       [    0.38125,     0.76944],
       [    0.37969,     0.76667],
       [    0.37813,     0.76667],
       [    0.37656,     0.76389],
       [      0.375,     0.76389],
       [    0.37187,     0.75833],
       [    0.37031,     0.75833],
       [    0.36875,     0.75556]], dtype=float32)]
Car #14 Mask Coordinates:
ultralytics.engine.results.Masks object with attributes:

data: tensor([[[0., 0., 0.,  ..., 0., 0., 0.],
         [0., 0., 0.,  ..., 0., 0., 0.],
         [0., 0., 0.,  ..., 0., 0., 0.],
         ...,
         [0., 0., 0.,  ..., 0., 0., 0.],
         [0., 0., 0.,  ..., 0., 0., 0.],
         [0., 0., 0.,  ..., 0., 0., 0.]]])
orig_shape: (1080, 1920)
shape: torch.Size([1, 384, 640])
xy: [array([[       1527,         252],
       [       1521,         258],
       [       1521,         261],
       [       1518,         264],
       [       1515,         264],
       [       1515,         267],
       [       1512,         270],
       [       1512,         330],
       [       1515,         333],
       [       1521,         333],
       [       1524,         336],
       [       1527,         336],
       [       1530,         339],
       [       1542,         339],
       [       1545,         336],
       [       1545,         333],
       [       1548,         330],
       [       1548,         327],
       [       1554,         321],
       [       1554,         315],
       [       1557,         312],
       [       1557,         285],
       [       1560,         282],
       [       1560,         276],
       [       1563,         273],
       [       1563,         267],
       [       1560,         264],
       [       1560,         258],
       [       1554,         252]], dtype=float32)]
xyn: [array([[    0.79531,     0.23333],
       [    0.79219,     0.23889],
       [    0.79219,     0.24167],
       [    0.79062,     0.24444],
       [    0.78906,     0.24444],
       [    0.78906,     0.24722],
       [     0.7875,        0.25],
       [     0.7875,     0.30556],
       [    0.78906,     0.30833],
       [    0.79219,     0.30833],
       [    0.79375,     0.31111],
       [    0.79531,     0.31111],
       [    0.79688,     0.31389],
       [    0.80313,     0.31389],
       [    0.80469,     0.31111],
       [    0.80469,     0.30833],
       [    0.80625,     0.30556],
       [    0.80625,     0.30278],
       [    0.80937,     0.29722],
       [    0.80937,     0.29167],
       [    0.81094,     0.28889],
       [    0.81094,     0.26389],
       [     0.8125,     0.26111],
       [     0.8125,     0.25556],
       [    0.81406,     0.25278],
       [    0.81406,     0.24722],
       [     0.8125,     0.24444],
       [     0.8125,     0.23889],
       [    0.80937,     0.23333]], dtype=float32)]
Car #15 Mask Coordinates:
ultralytics.engine.results.Masks object with attributes:

data: tensor([[[0., 0., 0.,  ..., 0., 0., 0.],
         [0., 0., 0.,  ..., 0., 0., 0.],
         [0., 0., 0.,  ..., 0., 0., 0.],
         ...,
         [0., 0., 0.,  ..., 0., 0., 0.],
         [0., 0., 0.,  ..., 0., 0., 0.],
         [0., 0., 0.,  ..., 0., 0., 0.]]])
orig_shape: (1080, 1920)
shape: torch.Size([1, 384, 640])
xy: [array([[       1422,         204],
       [       1404,         222],
       [       1404,         258],
       [       1407,         261],
       [       1437,         261],
       [       1458,         240],
       [       1458,         237],
       [       1461,         234],
       [       1461,         231],
       [       1470,         222],
       [       1470,         207],
       [       1464,         207],
       [       1461,         204]], dtype=float32)]
xyn: [array([[    0.74063,     0.18889],
       [    0.73125,     0.20556],
       [    0.73125,     0.23889],
       [    0.73281,     0.24167],
       [    0.74844,     0.24167],
       [    0.75937,     0.22222],
       [    0.75937,     0.21944],
       [    0.76094,     0.21667],
       [    0.76094,     0.21389],
       [    0.76562,     0.20556],
       [    0.76562,     0.19167],
       [     0.7625,     0.19167],
       [    0.76094,     0.18889]], dtype=float32)]
Car #16 Mask Coordinates:
ultralytics.engine.results.Masks object with attributes:

data: tensor([[[0., 0., 0.,  ..., 0., 0., 0.],
         [0., 0., 0.,  ..., 0., 0., 0.],
         [0., 0., 0.,  ..., 0., 0., 0.],
         ...,
         [0., 0., 0.,  ..., 0., 0., 0.],
         [0., 0., 0.,  ..., 0., 0., 0.],
         [0., 0., 0.,  ..., 0., 0., 0.]]])
orig_shape: (1080, 1920)
shape: torch.Size([1, 384, 640])
xy: [array([[         15,         672],
       [         12,         675],
       [         12,         714],
       [         15,         717],
       [         18,         717],
       [         21,         714],
       [         21,         696],
       [         24,         693],
       [         24,         687],
       [         21,         684],
       [         21,         675],
       [         18,         672]], dtype=float32)]
xyn: [array([[  0.0078125,     0.62222],
       [    0.00625,       0.625],
       [    0.00625,     0.66111],
       [  0.0078125,     0.66389],
       [   0.009375,     0.66389],
       [   0.010937,     0.66111],
       [   0.010937,     0.64444],
       [     0.0125,     0.64167],
       [     0.0125,     0.63611],
       [   0.010937,     0.63333],
       [   0.010937,       0.625],
       [   0.009375,     0.62222]], dtype=float32)]
Car #17 Mask Coordinates:
ultralytics.engine.results.Masks object with attributes:

data: tensor([[[0., 0., 0.,  ..., 0., 0., 0.],
         [0., 0., 0.,  ..., 0., 0., 0.],
         [0., 0., 0.,  ..., 0., 0., 0.],
         ...,
         [0., 0., 0.,  ..., 0., 0., 0.],
         [0., 0., 0.,  ..., 0., 0., 0.],
         [0., 0., 0.,  ..., 0., 0., 0.]]])
orig_shape: (1080, 1920)
shape: torch.Size([1, 384, 640])
xy: [array([[       1455,          60],
       [       1452,          63],
       [       1452,          78],
       [       1467,          93],
       [       1482,          93],
       [       1485,          96],
       [       1491,          96],
       [       1494,          99],
       [       1497,          99],
       [       1503,         105],
       [       1530,         105],
       [       1536,          99],
       [       1536,          96],
       [       1533,          93],
       [       1533,          87],
       [       1530,          84],
       [       1530,          81],
       [       1521,          72],
       [       1515,          72],
       [       1503,          60]], dtype=float32)]
xyn: [array([[    0.75781,    0.055556],
       [    0.75625,    0.058333],
       [    0.75625,    0.072222],
       [    0.76406,    0.086111],
       [    0.77188,    0.086111],
       [    0.77344,    0.088889],
       [    0.77656,    0.088889],
       [    0.77812,    0.091667],
       [    0.77969,    0.091667],
       [    0.78281,    0.097222],
       [    0.79688,    0.097222],
       [        0.8,    0.091667],
       [        0.8,    0.088889],
       [    0.79844,    0.086111],
       [    0.79844,    0.080556],
       [    0.79688,    0.077778],
       [    0.79688,       0.075],
       [    0.79219,    0.066667],
       [    0.78906,    0.066667],
       [    0.78281,    0.055556]], dtype=float32)]
Car #18 Mask Coordinates:
ultralytics.engine.results.Masks object with attributes:

data: tensor([[[0., 0., 0.,  ..., 0., 0., 0.],
         [0., 0., 0.,  ..., 0., 0., 0.],
         [0., 0., 0.,  ..., 0., 0., 0.],
         ...,
         [0., 0., 0.,  ..., 0., 0., 0.],
         [0., 0., 0.,  ..., 0., 0., 0.],
         [0., 0., 0.,  ..., 0., 0., 0.]]])
orig_shape: (1080, 1920)
shape: torch.Size([1, 384, 640])
xy: [array([[       1815,         264],
       [       1812,         267],
       [       1812,         282],
       [       1815,         285],
       [       1815,         288],
       [       1821,         294],
       [       1824,         294],
       [       1827,         297],
       [       1836,         297],
       [       1839,         300],
       [       1842,         300],
       [       1845,         297],
       [       1875,         297],
       [       1881,         291],
       [       1881,         285],
       [       1878,         282],
       [       1878,         279],
       [       1866,         267],
       [       1863,         267],
       [       1860,         264]], dtype=float32)]
xyn: [array([[    0.94531,     0.24444],
       [    0.94375,     0.24722],
       [    0.94375,     0.26111],
       [    0.94531,     0.26389],
       [    0.94531,     0.26667],
       [    0.94844,     0.27222],
       [       0.95,     0.27222],
       [    0.95156,       0.275],
       [    0.95625,       0.275],
       [    0.95781,     0.27778],
       [    0.95938,     0.27778],
       [    0.96094,       0.275],
       [    0.97656,       0.275],
       [    0.97969,     0.26944],
       [    0.97969,     0.26389],
       [    0.97812,     0.26111],
       [    0.97812,     0.25833],
       [    0.97188,     0.24722],
       [    0.97031,     0.24722],
       [    0.96875,     0.24444]], dtype=float32)]
Car #19 Mask Coordinates:
ultralytics.engine.results.Masks object with attributes:

data: tensor([[[0., 0., 0.,  ..., 0., 0., 0.],
         [0., 0., 0.,  ..., 0., 0., 0.],
         [0., 0., 0.,  ..., 0., 0., 0.],
         ...,
         [0., 0., 0.,  ..., 0., 0., 0.],
         [0., 0., 0.,  ..., 0., 0., 0.],
         [0., 0., 0.,  ..., 0., 0., 0.]]])
orig_shape: (1080, 1920)
shape: torch.Size([1, 384, 640])
xy: [array([[         15,         840],
       [         12,         843],
       [         12,         882],
       [         15,         885],
       [         15,         888],
       [         21,         894],
       [         45,         894],
       [         48,         891],
       [         48,         882],
       [         51,         879],
       [         51,         864],
       [         48,         861],
       [         48,         846],
       [         42,         840]], dtype=float32)]
xyn: [array([[  0.0078125,     0.77778],
       [    0.00625,     0.78056],
       [    0.00625,     0.81667],
       [  0.0078125,     0.81944],
       [  0.0078125,     0.82222],
       [   0.010937,     0.82778],
       [   0.023438,     0.82778],
       [      0.025,       0.825],
       [      0.025,     0.81667],
       [   0.026563,     0.81389],
       [   0.026563,         0.8],
       [      0.025,     0.79722],
       [      0.025,     0.78333],
       [   0.021875,     0.77778]], dtype=float32)]
Car #20 Mask Coordinates:
ultralytics.engine.results.Masks object with attributes:

data: tensor([[[0., 0., 0.,  ..., 0., 0., 0.],
         [0., 0., 0.,  ..., 0., 0., 0.],
         [0., 0., 0.,  ..., 0., 0., 0.],
         ...,
         [0., 0., 0.,  ..., 0., 0., 0.],
         [0., 0., 0.,  ..., 0., 0., 0.],
         [0., 0., 0.,  ..., 0., 0., 0.]]])
orig_shape: (1080, 1920)
shape: torch.Size([1, 384, 640])
xy: [array([[       1875,         120],
       [       1872,         123],
       [       1872,         147],
       [       1875,         150],
       [       1878,         150],
       [       1881,         153],
       [       1905,         153],
       [       1908,         150],
       [       1917,         150],
       [       1917,         141],
       [       1911,         141],
       [       1908,         138],
       [       1908,         135],
       [       1905,         132],
       [       1905,         126],
       [       1899,         120]], dtype=float32)]
xyn: [array([[    0.97656,     0.11111],
       [      0.975,     0.11389],
       [      0.975,     0.13611],
       [    0.97656,     0.13889],
       [    0.97812,     0.13889],
       [    0.97969,     0.14167],
       [    0.99219,     0.14167],
       [    0.99375,     0.13889],
       [    0.99844,     0.13889],
       [    0.99844,     0.13056],
       [    0.99531,     0.13056],
       [    0.99375,     0.12778],
       [    0.99375,       0.125],
       [    0.99219,     0.12222],
       [    0.99219,     0.11667],
       [    0.98906,     0.11111]], dtype=float32)]
Car #21 Mask Coordinates:
ultralytics.engine.results.Masks object with attributes:

data: tensor([[[0., 0., 0.,  ..., 0., 0., 0.],
         [0., 0., 0.,  ..., 0., 0., 0.],
         [0., 0., 0.,  ..., 0., 0., 0.],
         ...,
         [0., 0., 0.,  ..., 0., 0., 0.],
         [0., 0., 0.,  ..., 0., 0., 0.],
         [0., 0., 0.,  ..., 0., 0., 0.]]])
orig_shape: (1080, 1920)
shape: torch.Size([1, 384, 640])
xy: [array([[       1671,         216],
       [       1668,         219],
       [       1659,         219],
       [       1659,         225],
       [       1656,         228],
       [       1656,         246],
       [       1662,         252],
       [       1665,         252],
       [       1668,         255],
       [       1668,         258],
       [       1671,         261],
       [       1683,         261],
       [       1695,         273],
       [       1698,         273],
       [       1707,         282],
       [       1710,         282],
       [       1713,         285],
       [       1734,         285],
       [       1737,         282],
       [       1740,         282],
       [       1740,         279],
       [       1743,         276],
       [       1743,         267],
       [       1740,         264],
       [       1740,         261],
       [       1737,         258],
       [       1737,         249],
       [       1734,         246],
       [       1734,         243],
       [       1731,         240],
       [       1731,         237],
       [       1728,         234],
       [       1728,         231],
       [       1725,         228],
       [       1725,         225],
       [       1722,         222],
       [       1722,         219],
       [       1716,         219],
       [       1713,         216]], dtype=float32)]
xyn: [array([[    0.87031,         0.2],
       [    0.86875,     0.20278],
       [    0.86406,     0.20278],
       [    0.86406,     0.20833],
       [     0.8625,     0.21111],
       [     0.8625,     0.22778],
       [    0.86563,     0.23333],
       [    0.86719,     0.23333],
       [    0.86875,     0.23611],
       [    0.86875,     0.23889],
       [    0.87031,     0.24167],
       [    0.87656,     0.24167],
       [    0.88281,     0.25278],
       [    0.88437,     0.25278],
       [    0.88906,     0.26111],
       [    0.89062,     0.26111],
       [    0.89219,     0.26389],
       [    0.90312,     0.26389],
       [    0.90469,     0.26111],
       [    0.90625,     0.26111],
       [    0.90625,     0.25833],
       [    0.90781,     0.25556],
       [    0.90781,     0.24722],
       [    0.90625,     0.24444],
       [    0.90625,     0.24167],
       [    0.90469,     0.23889],
       [    0.90469,     0.23056],
       [    0.90312,     0.22778],
       [    0.90312,       0.225],
       [    0.90156,     0.22222],
       [    0.90156,     0.21944],
       [        0.9,     0.21667],
       [        0.9,     0.21389],
       [    0.89844,     0.21111],
       [    0.89844,     0.20833],
       [    0.89688,     0.20556],
       [    0.89688,     0.20278],
       [    0.89375,     0.20278],
       [    0.89219,         0.2]], dtype=float32)]
Car #22 Mask Coordinates:
ultralytics.engine.results.Masks object with attributes:

data: tensor([[[0., 0., 0.,  ..., 0., 0., 0.],
         [0., 0., 0.,  ..., 0., 0., 0.],
         [0., 0., 0.,  ..., 0., 0., 0.],
         ...,
         [0., 0., 0.,  ..., 0., 0., 0.],
         [0., 0., 0.,  ..., 0., 0., 0.],
         [0., 0., 0.,  ..., 0., 0., 0.]]])
orig_shape: (1080, 1920)
shape: torch.Size([1, 384, 640])
xy: [array([[       1887,         168],
       [       1884,         171],
       [       1884,         186],
       [       1887,         189],
       [       1890,         189],
       [       1896,         195],
       [       1896,         198],
       [       1899,         201],
       [       1908,         201],
       [       1911,         204],
       [       1917,         204],
       [       1917,         168]], dtype=float32)]
xyn: [array([[    0.98281,     0.15556],
       [    0.98125,     0.15833],
       [    0.98125,     0.17222],
       [    0.98281,       0.175],
       [    0.98438,       0.175],
       [     0.9875,     0.18056],
       [     0.9875,     0.18333],
       [    0.98906,     0.18611],
       [    0.99375,     0.18611],
       [    0.99531,     0.18889],
       [    0.99844,     0.18889],
       [    0.99844,     0.15556]], dtype=float32)]
Car #23 Mask Coordinates:
ultralytics.engine.results.Masks object with attributes:

data: tensor([[[0., 0., 0.,  ..., 0., 0., 0.],
         [0., 0., 0.,  ..., 0., 0., 0.],
         [0., 0., 0.,  ..., 0., 0., 0.],
         ...,
         [0., 0., 0.,  ..., 0., 0., 0.],
         [0., 0., 0.,  ..., 0., 0., 0.],
         [0., 0., 0.,  ..., 0., 0., 0.]]])
orig_shape: (1080, 1920)
shape: torch.Size([1, 384, 640])
xy: [array([[       1815,          84],
       [       1812,          87],
       [       1812,         102],
       [       1815,         105],
       [       1827,         105],
       [       1830,         108],
       [       1833,         108],
       [       1839,         114],
       [       1848,         114],
       [       1851,         117],
       [       1857,         117],
       [       1860,         114],
       [       1866,         114],
       [       1869,         111],
       [       1869,          99],
       [       1857,          87],
       [       1854,          87],
       [       1851,          84]], dtype=float32)]
xyn: [array([[    0.94531,    0.077778],
       [    0.94375,    0.080556],
       [    0.94375,    0.094444],
       [    0.94531,    0.097222],
       [    0.95156,    0.097222],
       [    0.95312,         0.1],
       [    0.95469,         0.1],
       [    0.95781,     0.10556],
       [     0.9625,     0.10556],
       [    0.96406,     0.10833],
       [    0.96719,     0.10833],
       [    0.96875,     0.10556],
       [    0.97188,     0.10556],
       [    0.97344,     0.10278],
       [    0.97344,    0.091667],
       [    0.96719,    0.080556],
       [    0.96562,    0.080556],
       [    0.96406,    0.077778]], dtype=float32)]
Car #24 Mask Coordinates:
ultralytics.engine.results.Masks object with attributes:

data: tensor([[[0., 0., 0.,  ..., 0., 0., 0.],
         [0., 0., 0.,  ..., 0., 0., 0.],
         [0., 0., 0.,  ..., 0., 0., 0.],
         ...,
         [0., 0., 0.,  ..., 0., 0., 0.],
         [0., 0., 0.,  ..., 0., 0., 0.],
         [0., 0., 0.,  ..., 0., 0., 0.]]])
orig_shape: (1080, 1920)
shape: torch.Size([1, 384, 640])
xy: [array([[       1851,         648],
       [       1848,         651],
       [       1848,         711],
       [       1851,         714],
       [       1851,         717],
       [       1854,         717],
       [       1857,         720],
       [       1857,         723],
       [       1863,         729],
       [       1878,         729],
       [       1881,         732],
       [       1884,         732],
       [       1893,         741],
       [       1896,         741],
       [       1899,         744],
       [       1902,         744],
       [       1905,         747],
       [       1905,         750],
       [       1914,         759],
       [       1917,         759],
       [       1917,         663],
       [       1914,         663],
       [       1911,         660],
       [       1908,         660],
       [       1905,         657],
       [       1902,         657],
       [       1896,         651],
       [       1893,         651],
       [       1890,         648]], dtype=float32)]
xyn: [array([[    0.96406,         0.6],
       [     0.9625,     0.60278],
       [     0.9625,     0.65833],
       [    0.96406,     0.66111],
       [    0.96406,     0.66389],
       [    0.96562,     0.66389],
       [    0.96719,     0.66667],
       [    0.96719,     0.66944],
       [    0.97031,       0.675],
       [    0.97812,       0.675],
       [    0.97969,     0.67778],
       [    0.98125,     0.67778],
       [    0.98594,     0.68611],
       [     0.9875,     0.68611],
       [    0.98906,     0.68889],
       [    0.99063,     0.68889],
       [    0.99219,     0.69167],
       [    0.99219,     0.69444],
       [    0.99687,     0.70278],
       [    0.99844,     0.70278],
       [    0.99844,     0.61389],
       [    0.99687,     0.61389],
       [    0.99531,     0.61111],
       [    0.99375,     0.61111],
       [    0.99219,     0.60833],
       [    0.99063,     0.60833],
       [     0.9875,     0.60278],
       [    0.98594,     0.60278],
       [    0.98438,         0.6]], dtype=float32)]
Car #25 Mask Coordinates:
ultralytics.engine.results.Masks object with attributes:

data: tensor([[[0., 0., 0.,  ..., 0., 0., 0.],
         [0., 0., 0.,  ..., 0., 0., 0.],
         [0., 0., 0.,  ..., 0., 0., 0.],
         ...,
         [0., 0., 0.,  ..., 0., 0., 0.],
         [0., 0., 0.,  ..., 0., 0., 0.],
         [0., 0., 0.,  ..., 0., 0., 0.]]])
orig_shape: (1080, 1920)
shape: torch.Size([1, 384, 640])
xy: [array([[       1770,         216],
       [       1764,         222],
       [       1764,         255],
       [       1767,         258],
       [       1782,         258],
       [       1785,         255],
       [       1794,         255],
       [       1797,         258],
       [       1818,         258],
       [       1821,         255],
       [       1824,         255],
       [       1827,         252],
       [       1833,         252],
       [       1836,         249],
       [       1842,         249],
       [       1842,         240],
       [       1836,         234],
       [       1836,         231],
       [       1833,         228],
       [       1830,         228],
       [       1818,         216]], dtype=float32)]
xyn: [array([[    0.92188,         0.2],
       [    0.91875,     0.20556],
       [    0.91875,     0.23611],
       [    0.92031,     0.23889],
       [    0.92813,     0.23889],
       [    0.92969,     0.23611],
       [    0.93437,     0.23611],
       [    0.93594,     0.23889],
       [    0.94687,     0.23889],
       [    0.94844,     0.23611],
       [       0.95,     0.23611],
       [    0.95156,     0.23333],
       [    0.95469,     0.23333],
       [    0.95625,     0.23056],
       [    0.95938,     0.23056],
       [    0.95938,     0.22222],
       [    0.95625,     0.21667],
       [    0.95625,     0.21389],
       [    0.95469,     0.21111],
       [    0.95312,     0.21111],
       [    0.94687,         0.2]], dtype=float32)]
Car #26 Mask Coordinates:
ultralytics.engine.results.Masks object with attributes:

data: tensor([[[0., 0., 0.,  ..., 0., 0., 0.],
         [0., 0., 0.,  ..., 0., 0., 0.],
         [0., 0., 0.,  ..., 0., 0., 0.],
         ...,
         [0., 0., 0.,  ..., 0., 0., 0.],
         [0., 0., 0.,  ..., 0., 0., 0.],
         [0., 0., 0.,  ..., 0., 0., 0.]]])
orig_shape: (1080, 1920)
shape: torch.Size([1, 384, 640])
xy: [array([[        159,         816],
       [        156,         819],
       [        156,         858],
       [        159,         861],
       [        159,         867],
       [        162,         867],
       [        168,         861],
       [        171,         861],
       [        174,         858],
       [        198,         858],
       [        201,         855],
       [        201,         852],
       [        210,         843],
       [        210,         837],
       [        213,         834],
       [        213,         819],
       [        210,         816]], dtype=float32)]
xyn: [array([[   0.082813,     0.75556],
       [    0.08125,     0.75833],
       [    0.08125,     0.79444],
       [   0.082813,     0.79722],
       [   0.082813,     0.80278],
       [   0.084375,     0.80278],
       [     0.0875,     0.79722],
       [   0.089062,     0.79722],
       [   0.090625,     0.79444],
       [    0.10312,     0.79444],
       [    0.10469,     0.79167],
       [    0.10469,     0.78889],
       [    0.10938,     0.78056],
       [    0.10938,       0.775],
       [    0.11094,     0.77222],
       [    0.11094,     0.75833],
       [    0.10938,     0.75556]], dtype=float32)]
