2 0.204253 0.544882 0.0760521 0.085261 0.902512
2 0.62898 0.483979 0.074234 0.160345 0.897431
2 0.489955 0.805947 0.122675 0.119178 0.889585
2 0.291438 0.519394 0.0890198 0.0964957 0.887523
2 0.219591 0.784101 0.103322 0.103867 0.875846
2 0.41978 0.50288 0.102785 0.0917406 0.872116
2 0.114928 0.567844 0.0514111 0.079974 0.867439
2 0.538925 0.497697 0.110886 0.102521 0.862664
2 0.838929 0.190016 0.0504082 0.0644969 0.837189
2 0.885727 0.237186 0.0448832 0.0704502 0.827916
2 0.717246 0.498712 0.107477 0.103217 0.825442
2 0.339078 0.804083 0.104391 0.102847 0.824821
2 0.051223 0.612606 0.0437606 0.0787915 0.810826
2 0.0528783 0.802272 0.0459084 0.0701131 0.808974
2 0.626742 0.798102 0.0983034 0.123699 0.799706
2 0.942569 0.293833 0.0515961 0.0789739 0.785601
2 0.127286 0.792351 0.0780571 0.0887885 0.775254
2 0.838121 0.311605 0.0270199 0.0875752 0.751369
2 0.01436 0.640972 0.0286712 0.0668803 0.750314
2 0.745009 0.144199 0.036436 0.0600343 0.692518
2 0.799665 0.276021 0.0374571 0.0840125 0.681045
2 0.830178 0.510684 0.0701005 0.0918138 0.628199
2 0.747615 0.214725 0.0386917 0.0674398 0.477929
2 0.898647 0.795602 0.150778 0.177931 0.467906
2 0.762064 0.78783 0.105923 0.0911753 0.466555
2 0.769012 0.244862 0.0400318 0.0773282 0.456762
2 0.0155994 0.80709 0.030996 0.05981 0.442951
2 0.713862 0.0716005 0.0273897 0.0609213 0.434381
2 0.915386 0.573331 0.0737915 0.120698 0.427704
2 0.870708 0.773249 0.094492 0.133682 0.344045
2 0.938413 0.216592 0.0439606 0.0578271 0.328541
2 0.872752 0.344119 0.032032 0.0744944 0.20152
2 0.78527 0.0979218 0.0457582 0.0799214 0.173308
2 0.784369 0.0896879 0.0430126 0.0536968 0.169651
2 0.946005 0.132476 0.0210167 0.0412162 0.147434
2 0.871968 0.334391 0.0301785 0.0541374 0.135988
2 0.756718 0.233583 0.0641679 0.0997373 0.0964197
2 0.930737 0.161467 0.0417398 0.0624373 0.0913227
2 0.931577 0.182493 0.0447525 0.103177 0.0861677
2 0.660124 0.0411843 0.0150839 0.0274827 0.0785435
2 0.940648 0.824413 0.0652042 0.101675 0.0662784
2 0.957614 0.0885658 0.0162025 0.0267104 0.0624122
2 0.93684 0.195709 0.0495743 0.0942318 0.0506421
