2 0.420796 0.502066 0.104055 0.0864321 0.906548
2 0.898279 0.783059 0.0924828 0.12333 0.901489
2 0.291434 0.51714 0.0919859 0.0932339 0.892088
2 0.542255 0.500908 0.0979972 0.0896656 0.8792
2 0.83034 0.505977 0.0682755 0.0827311 0.874111
2 0.139169 0.56093 0.0584702 0.0812276 0.851867
2 0.915736 0.571983 0.077928 0.118702 0.790084
2 0.961295 0.259636 0.0377169 0.0472935 0.728967
2 0.0498685 0.610923 0.045629 0.0755199 0.7008
2 0.88697 0.233691 0.0438303 0.0657647 0.675002
2 0.802454 0.276433 0.0312352 0.0836068 0.571822
2 0.83048 0.307343 0.0411755 0.0876644 0.552825
2 0.775935 0.0224977 0.0373917 0.0449953 0.54939
2 0.873606 0.348736 0.0323015 0.0817241 0.459915
2 0.0517348 0.802162 0.046289 0.0711226 0.440731
2 0.9435 0.413166 0.0308189 0.0597102 0.333178
2 0.70284 0.803132 0.117919 0.101444 0.320034
2 0.941965 0.217028 0.0394577 0.0513449 0.278366
2 0.21079 0.787768 0.0906409 0.0889113 0.214389
2 0.0145175 0.639805 0.0289518 0.0657254 0.212698
2 0.98382 0.123254 0.0289848 0.0374264 0.205071
2 0.982877 0.117916 0.0258575 0.0266567 0.190614
2 0.996126 0.408797 0.00706329 0.0416663 0.126771
2 0.0364401 0.62228 0.0727171 0.0984795 0.125992
2 0.498485 0.80265 0.136979 0.109343 0.119088
2 0.0106027 0.89516 0.0211941 0.0347743 0.0999133
2 0.615457 0.035175 0.0250025 0.0301987 0.096146
2 0.934967 0.181915 0.0300259 0.0370677 0.0882748
2 0.0133834 0.805428 0.0265916 0.0539725 0.0671012
2 0.938993 0.223877 0.0449955 0.0628028 0.0527249
2 0.456671 0.0360789 0.0557558 0.0479156 0.0515449
