2 0.740521 0.499254 0.0951481 0.0987336 0.805525
2 0.885888 0.236955 0.0449173 0.071672 0.795446
2 0.207583 0.532758 0.0808095 0.101951 0.784609
2 0.61971 0.500115 0.111952 0.0954242 0.756497
2 0.116162 0.778702 0.0696514 0.101542 0.727253
2 0.13469 0.562191 0.0645338 0.0875458 0.677163
2 0.415491 0.504139 0.105145 0.0967845 0.663369
2 0.829589 0.511908 0.0684883 0.0943836 0.650428
2 0.0770045 0.596965 0.0572792 0.0774799 0.640022
2 0.832377 0.310732 0.0333735 0.0875821 0.632879
2 0.913267 0.571898 0.0764515 0.123583 0.631706
2 0.798612 0.275523 0.0307503 0.08455 0.61415
2 0.0569687 0.799127 0.0535992 0.0929348 0.61176
2 0.20754 0.77499 0.084036 0.0880252 0.611317
2 0.508723 0.481086 0.0558253 0.142359 0.604238
2 0.302188 0.520144 0.106834 0.0961702 0.579051
2 0.748517 0.800159 0.0908447 0.103967 0.507885
2 0.944929 0.807422 0.0800178 0.0906257 0.493259
2 0.0159746 0.804213 0.0312759 0.0707877 0.481986
2 0.0328048 0.626466 0.0328054 0.0722481 0.480098
2 0.943187 0.284635 0.0458923 0.0775853 0.407246
2 0.00879605 0.645878 0.0175112 0.0617905 0.405574
2 0.858535 0.772681 0.0865665 0.130726 0.400028
2 0.74464 0.14836 0.0429913 0.0623596 0.358926
2 0.938495 0.235457 0.0438667 0.0524402 0.307537
2 0.727009 0.111035 0.0207505 0.0299242 0.290217
2 0.74469 0.218152 0.0405439 0.0670063 0.251999
2 0.975195 0.429118 0.0373983 0.071097 0.249731
2 0.756085 0.224006 0.0649544 0.0843419 0.224044
2 0.900256 0.791919 0.169954 0.170164 0.207204
2 0.98728 0.656465 0.0245232 0.0705538 0.150367
2 0.984279 0.663687 0.0304745 0.0850885 0.139411
2 0.770855 0.237333 0.0372129 0.0656723 0.134928
2 0.929344 0.8043 0.0490189 0.0847066 0.133252
2 0.995583 0.410513 0.0079237 0.0390113 0.127224
2 0.931712 0.186898 0.0500118 0.116542 0.126167
2 0.906678 0.387877 0.0345646 0.0835529 0.116281
2 0.994857 0.413903 0.00910568 0.0496684 0.115902
2 0.724034 0.107122 0.0284405 0.0482795 0.114134
2 0.665623 0.0439561 0.0137381 0.0249358 0.114001
2 0.890037 0.365189 0.0673519 0.119012 0.108074
2 0.0105233 0.638507 0.0206412 0.0712884 0.106371
2 0.939 0.219576 0.0435471 0.0518635 0.0971581
2 0.935534 0.218635 0.048098 0.0648545 0.0871203
2 0.871959 0.346566 0.0321266 0.0800335 0.0836137
2 0.976731 0.442704 0.0420906 0.0993544 0.0831554
2 0.873656 0.551216 0.156727 0.170113 0.0799307
2 0.720586 0.10352 0.0278506 0.0501033 0.0770352
2 0.939241 0.128669 0.0349489 0.0572722 0.0763209
2 0.945552 0.129471 0.0205624 0.0546464 0.076213
2 0.749882 0.786945 0.0841077 0.0784387 0.0738968
2 0.987589 0.645952 0.0230682 0.0497414 0.0691725
2 0.710443 0.0596226 0.0160057 0.0390673 0.0676998
2 0.927354 0.127838 0.0519276 0.0581833 0.0659513
2 0.349192 0.793302 0.139666 0.11679 0.0584741
2 0.943867 0.261339 0.0482483 0.0856917 0.0577091
2 0.0273992 0.933633 0.054276 0.128094 0.0569852
2 0.939151 0.416934 0.0372967 0.0865339 0.054461
2 0.788973 0.123962 0.0145542 0.0321575 0.0504523
