Car #1 Mask Coordinates:
ultralytics.engine.results.Masks object with attributes:

data: tensor([[[0., 0., 0.,  ..., 0., 0., 0.],
         [0., 0., 0.,  ..., 0., 0., 0.],
         [0., 0., 0.,  ..., 0., 0., 0.],
         ...,
         [0., 0., 0.,  ..., 0., 0., 0.],
         [0., 0., 0.,  ..., 0., 0., 0.],
         [0., 0., 0.,  ..., 0., 0., 0.]]])
orig_shape: (1080, 1920)
shape: torch.Size([1, 384, 640])
xy: [array([[        327,         804],
       [        324,         807],
       [        324,         858],
       [        342,         876],
       [        345,         876],
       [        348,         879],
       [        348,         882],
       [        351,         885],
       [        354,         885],
       [        357,         888],
       [        360,         888],
       [        366,         894],
       [        369,         894],
       [        372,         897],
       [        381,         897],
       [        387,         891],
       [        390,         891],
       [        393,         888],
       [        447,         888],
       [        450,         891],
       [        459,         891],
       [        462,         894],
       [        480,         894],
       [        483,         891],
       [        486,         891],
       [        489,         888],
       [        492,         888],
       [        495,         885],
       [        498,         885],
       [        501,         882],
       [        501,         879],
       [        510,         870],
       [        510,         864],
       [        513,         861],
       [        513,         822],
       [        510,         819],
       [        510,         816],
       [        498,         804]], dtype=float32)]
xyn: [array([[    0.17031,     0.74444],
       [    0.16875,     0.74722],
       [    0.16875,     0.79444],
       [    0.17812,     0.81111],
       [    0.17969,     0.81111],
       [    0.18125,     0.81389],
       [    0.18125,     0.81667],
       [    0.18281,     0.81944],
       [    0.18438,     0.81944],
       [    0.18594,     0.82222],
       [     0.1875,     0.82222],
       [    0.19062,     0.82778],
       [    0.19219,     0.82778],
       [    0.19375,     0.83056],
       [    0.19844,     0.83056],
       [    0.20156,       0.825],
       [    0.20312,       0.825],
       [    0.20469,     0.82222],
       [    0.23281,     0.82222],
       [    0.23438,       0.825],
       [    0.23906,       0.825],
       [    0.24062,     0.82778],
       [       0.25,     0.82778],
       [    0.25156,       0.825],
       [    0.25313,       0.825],
       [    0.25469,     0.82222],
       [    0.25625,     0.82222],
       [    0.25781,     0.81944],
       [    0.25938,     0.81944],
       [    0.26094,     0.81667],
       [    0.26094,     0.81389],
       [    0.26562,     0.80556],
       [    0.26562,         0.8],
       [    0.26719,     0.79722],
       [    0.26719,     0.76111],
       [    0.26562,     0.75833],
       [    0.26562,     0.75556],
       [    0.25938,     0.74444]], dtype=float32)]
Car #2 Mask Coordinates:
ultralytics.engine.results.Masks object with attributes:

data: tensor([[[0., 0., 0.,  ..., 0., 0., 0.],
         [0., 0., 0.,  ..., 0., 0., 0.],
         [0., 0., 0.,  ..., 0., 0., 0.],
         ...,
         [0., 0., 0.,  ..., 0., 0., 0.],
         [0., 0., 0.,  ..., 0., 0., 0.],
         [0., 0., 0.,  ..., 0., 0., 0.]]])
orig_shape: (1080, 1920)
shape: torch.Size([1, 384, 640])
xy: [array([[        960,         504],
       [        957,         507],
       [        954,         507],
       [        951,         510],
       [        951,         513],
       [        948,         516],
       [        948,         570],
       [        951,         573],
       [        951,         576],
       [        954,         576],
       [        957,         579],
       [        957,         582],
       [        960,         582],
       [        963,         585],
       [        978,         585],
       [        981,         588],
       [        990,         588],
       [        993,         585],
       [       1008,         585],
       [       1011,         582],
       [       1038,         582],
       [       1041,         579],
       [       1074,         579],
       [       1077,         582],
       [       1086,         582],
       [       1089,         585],
       [       1110,         585],
       [       1125,         570],
       [       1125,         567],
       [       1128,         564],
       [       1128,         558],
       [       1134,         552],
       [       1134,         546],
       [       1137,         543],
       [       1137,         531],
       [       1134,         528],
       [       1134,         519],
       [       1128,         513],
       [       1128,         510],
       [       1122,         504]], dtype=float32)]
xyn: [array([[        0.5,     0.46667],
       [    0.49844,     0.46944],
       [    0.49687,     0.46944],
       [    0.49531,     0.47222],
       [    0.49531,       0.475],
       [    0.49375,     0.47778],
       [    0.49375,     0.52778],
       [    0.49531,     0.53056],
       [    0.49531,     0.53333],
       [    0.49687,     0.53333],
       [    0.49844,     0.53611],
       [    0.49844,     0.53889],
       [        0.5,     0.53889],
       [    0.50156,     0.54167],
       [    0.50937,     0.54167],
       [    0.51094,     0.54444],
       [    0.51562,     0.54444],
       [    0.51719,     0.54167],
       [      0.525,     0.54167],
       [    0.52656,     0.53889],
       [    0.54062,     0.53889],
       [    0.54219,     0.53611],
       [    0.55937,     0.53611],
       [    0.56094,     0.53889],
       [    0.56563,     0.53889],
       [    0.56719,     0.54167],
       [    0.57812,     0.54167],
       [    0.58594,     0.52778],
       [    0.58594,       0.525],
       [     0.5875,     0.52222],
       [     0.5875,     0.51667],
       [    0.59062,     0.51111],
       [    0.59062,     0.50556],
       [    0.59219,     0.50278],
       [    0.59219,     0.49167],
       [    0.59062,     0.48889],
       [    0.59062,     0.48056],
       [     0.5875,       0.475],
       [     0.5875,     0.47222],
       [    0.58438,     0.46667]], dtype=float32)]
Car #3 Mask Coordinates:
ultralytics.engine.results.Masks object with attributes:

data: tensor([[[0., 0., 0.,  ..., 0., 0., 0.],
         [0., 0., 0.,  ..., 0., 0., 0.],
         [0., 0., 0.,  ..., 0., 0., 0.],
         ...,
         [0., 0., 0.,  ..., 0., 0., 0.],
         [0., 0., 0.,  ..., 0., 0., 0.],
         [0., 0., 0.,  ..., 0., 0., 0.]]])
orig_shape: (1080, 1920)
shape: torch.Size([1, 384, 640])
xy: [array([[       1299,         492],
       [       1296,         495],
       [       1296,         558],
       [       1299,         561],
       [       1302,         561],
       [       1314,         573],
       [       1437,         573],
       [       1440,         576],
       [       1449,         576],
       [       1452,         573],
       [       1464,         573],
       [       1467,         570],
       [       1470,         570],
       [       1473,         567],
       [       1473,         558],
       [       1476,         555],
       [       1476,         552],
       [       1479,         549],
       [       1479,         534],
       [       1476,         531],
       [       1476,         525],
       [       1473,         522],
       [       1473,         516],
       [       1461,         504],
       [       1458,         504],
       [       1449,         495],
       [       1446,         495],
       [       1443,         492]], dtype=float32)]
xyn: [array([[    0.67656,     0.45556],
       [      0.675,     0.45833],
       [      0.675,     0.51667],
       [    0.67656,     0.51944],
       [    0.67813,     0.51944],
       [    0.68437,     0.53056],
       [    0.74844,     0.53056],
       [       0.75,     0.53333],
       [    0.75469,     0.53333],
       [    0.75625,     0.53056],
       [     0.7625,     0.53056],
       [    0.76406,     0.52778],
       [    0.76562,     0.52778],
       [    0.76719,       0.525],
       [    0.76719,     0.51667],
       [    0.76875,     0.51389],
       [    0.76875,     0.51111],
       [    0.77031,     0.50833],
       [    0.77031,     0.49444],
       [    0.76875,     0.49167],
       [    0.76875,     0.48611],
       [    0.76719,     0.48333],
       [    0.76719,     0.47778],
       [    0.76094,     0.46667],
       [    0.75937,     0.46667],
       [    0.75469,     0.45833],
       [    0.75313,     0.45833],
       [    0.75156,     0.45556]], dtype=float32)]
Car #4 Mask Coordinates:
ultralytics.engine.results.Masks object with attributes:

data: tensor([[[0., 0., 0.,  ..., 0., 0., 0.],
         [0., 0., 0.,  ..., 0., 0., 0.],
         [0., 0., 0.,  ..., 0., 0., 0.],
         ...,
         [0., 0., 0.,  ..., 0., 0., 0.],
         [0., 0., 0.,  ..., 0., 0., 0.],
         [0., 0., 0.,  ..., 0., 0., 0.]]])
orig_shape: (1080, 1920)
shape: torch.Size([1, 384, 640])
xy: [array([[        567,         816],
       [        564,         819],
       [        561,         819],
       [        555,         825],
       [        555,         828],
       [        552,         831],
       [        552,         891],
       [        555,         894],
       [        555,         897],
       [        558,         897],
       [        570,         909],
       [        615,         909],
       [        618,         912],
       [        654,         912],
       [        657,         915],
       [        717,         915],
       [        720,         912],
       [        726,         912],
       [        729,         909],
       [        732,         909],
       [        735,         906],
       [        738,         906],
       [        738,         903],
       [        741,         900],
       [        741,         897],
       [        744,         894],
       [        744,         888],
       [        747,         885],
       [        747,         855],
       [        744,         852],
       [        744,         849],
       [        741,         846],
       [        741,         840],
       [        729,         828],
       [        726,         828],
       [        723,         825],
       [        720,         825],
       [        717,         822],
       [        714,         822],
       [        711,         819],
       [        708,         819],
       [        705,         816]], dtype=float32)]
xyn: [array([[    0.29531,     0.75556],
       [    0.29375,     0.75833],
       [    0.29219,     0.75833],
       [    0.28906,     0.76389],
       [    0.28906,     0.76667],
       [     0.2875,     0.76944],
       [     0.2875,       0.825],
       [    0.28906,     0.82778],
       [    0.28906,     0.83056],
       [    0.29063,     0.83056],
       [    0.29688,     0.84167],
       [    0.32031,     0.84167],
       [    0.32188,     0.84444],
       [    0.34062,     0.84444],
       [    0.34219,     0.84722],
       [    0.37344,     0.84722],
       [      0.375,     0.84444],
       [    0.37813,     0.84444],
       [    0.37969,     0.84167],
       [    0.38125,     0.84167],
       [    0.38281,     0.83889],
       [    0.38438,     0.83889],
       [    0.38438,     0.83611],
       [    0.38594,     0.83333],
       [    0.38594,     0.83056],
       [     0.3875,     0.82778],
       [     0.3875,     0.82222],
       [    0.38906,     0.81944],
       [    0.38906,     0.79167],
       [     0.3875,     0.78889],
       [     0.3875,     0.78611],
       [    0.38594,     0.78333],
       [    0.38594,     0.77778],
       [    0.37969,     0.76667],
       [    0.37813,     0.76667],
       [    0.37656,     0.76389],
       [      0.375,     0.76389],
       [    0.37344,     0.76111],
       [    0.37187,     0.76111],
       [    0.37031,     0.75833],
       [    0.36875,     0.75833],
       [    0.36719,     0.75556]], dtype=float32)]
Car #5 Mask Coordinates:
ultralytics.engine.results.Masks object with attributes:

data: tensor([[[0., 0., 0.,  ..., 0., 0., 0.],
         [0., 0., 0.,  ..., 0., 0., 0.],
         [0., 0., 0.,  ..., 0., 0., 0.],
         ...,
         [0., 0., 0.,  ..., 0., 0., 0.],
         [0., 0., 0.,  ..., 0., 0., 0.],
         [0., 0., 0.,  ..., 0., 0., 0.]]])
orig_shape: (1080, 1920)
shape: torch.Size([1, 384, 640])
xy: [array([[       1695,         564],
       [       1692,         567],
       [       1692,         618],
       [       1707,         633],
       [       1722,         633],
       [       1731,         642],
       [       1734,         642],
       [       1737,         645],
       [       1743,         645],
       [       1746,         648],
       [       1749,         648],
       [       1758,         657],
       [       1761,         657],
       [       1764,         660],
       [       1767,         660],
       [       1776,         669],
       [       1776,         672],
       [       1779,         675],
       [       1779,         678],
       [       1785,         678],
       [       1788,         681],
       [       1800,         681],
       [       1803,         678],
       [       1806,         678],
       [       1815,         669],
       [       1818,         669],
       [       1821,         666],
       [       1821,         660],
       [       1824,         657],
       [       1824,         654],
       [       1827,         651],
       [       1827,         648],
       [       1830,         645],
       [       1830,         642],
       [       1833,         639],
       [       1833,         615],
       [       1818,         600],
       [       1815,         600],
       [       1809,         594],
       [       1809,         591],
       [       1806,         588],
       [       1803,         588],
       [       1791,         576],
       [       1782,         576],
       [       1770,         564]], dtype=float32)]
xyn: [array([[    0.88281,     0.52222],
       [    0.88125,       0.525],
       [    0.88125,     0.57222],
       [    0.88906,     0.58611],
       [    0.89688,     0.58611],
       [    0.90156,     0.59444],
       [    0.90312,     0.59444],
       [    0.90469,     0.59722],
       [    0.90781,     0.59722],
       [    0.90938,         0.6],
       [    0.91094,         0.6],
       [    0.91562,     0.60833],
       [    0.91719,     0.60833],
       [    0.91875,     0.61111],
       [    0.92031,     0.61111],
       [      0.925,     0.61944],
       [      0.925,     0.62222],
       [    0.92656,       0.625],
       [    0.92656,     0.62778],
       [    0.92969,     0.62778],
       [    0.93125,     0.63056],
       [     0.9375,     0.63056],
       [    0.93906,     0.62778],
       [    0.94063,     0.62778],
       [    0.94531,     0.61944],
       [    0.94687,     0.61944],
       [    0.94844,     0.61667],
       [    0.94844,     0.61111],
       [       0.95,     0.60833],
       [       0.95,     0.60556],
       [    0.95156,     0.60278],
       [    0.95156,         0.6],
       [    0.95312,     0.59722],
       [    0.95312,     0.59444],
       [    0.95469,     0.59167],
       [    0.95469,     0.56944],
       [    0.94687,     0.55556],
       [    0.94531,     0.55556],
       [    0.94219,        0.55],
       [    0.94219,     0.54722],
       [    0.94063,     0.54444],
       [    0.93906,     0.54444],
       [    0.93281,     0.53333],
       [    0.92813,     0.53333],
       [    0.92188,     0.52222]], dtype=float32)]
Car #6 Mask Coordinates:
ultralytics.engine.results.Masks object with attributes:

data: tensor([[[0., 0., 0.,  ..., 0., 0., 0.],
         [0., 0., 0.,  ..., 0., 0., 0.],
         [0., 0., 0.,  ..., 0., 0., 0.],
         ...,
         [0., 0., 0.,  ..., 0., 0., 0.],
         [0., 0., 0.,  ..., 0., 0., 0.],
         [0., 0., 0.,  ..., 0., 0., 0.]]])
orig_shape: (1080, 1920)
shape: torch.Size([1, 384, 640])
xy: [array([[        519,         516],
       [        516,         519],
       [        513,         519],
       [        513,         522],
       [        510,         525],
       [        507,         525],
       [        504,         528],
       [        501,         528],
       [        498,         531],
       [        495,         531],
       [        486,         540],
       [        483,         540],
       [        480,         543],
       [        480,         600],
       [        483,         603],
       [        483,         606],
       [        489,         606],
       [        492,         609],
       [        510,         609],
       [        513,         606],
       [        519,         606],
       [        522,         603],
       [        525,         603],
       [        528,         600],
       [        537,         600],
       [        540,         597],
       [        615,         597],
       [        624,         588],
       [        627,         588],
       [        642,         573],
       [        642,         570],
       [        645,         567],
       [        645,         534],
       [        642,         531],
       [        642,         528],
       [        630,         516]], dtype=float32)]
xyn: [array([[    0.27031,     0.47778],
       [    0.26875,     0.48056],
       [    0.26719,     0.48056],
       [    0.26719,     0.48333],
       [    0.26562,     0.48611],
       [    0.26406,     0.48611],
       [     0.2625,     0.48889],
       [    0.26094,     0.48889],
       [    0.25938,     0.49167],
       [    0.25781,     0.49167],
       [    0.25313,         0.5],
       [    0.25156,         0.5],
       [       0.25,     0.50278],
       [       0.25,     0.55556],
       [    0.25156,     0.55833],
       [    0.25156,     0.56111],
       [    0.25469,     0.56111],
       [    0.25625,     0.56389],
       [    0.26562,     0.56389],
       [    0.26719,     0.56111],
       [    0.27031,     0.56111],
       [    0.27187,     0.55833],
       [    0.27344,     0.55833],
       [      0.275,     0.55556],
       [    0.27969,     0.55556],
       [    0.28125,     0.55278],
       [    0.32031,     0.55278],
       [      0.325,     0.54444],
       [    0.32656,     0.54444],
       [    0.33437,     0.53056],
       [    0.33437,     0.52778],
       [    0.33594,       0.525],
       [    0.33594,     0.49444],
       [    0.33437,     0.49167],
       [    0.33437,     0.48889],
       [    0.32812,     0.47778]], dtype=float32)]
Car #7 Mask Coordinates:
ultralytics.engine.results.Masks object with attributes:

data: tensor([[[0., 0., 0.,  ..., 0., 0., 0.],
         [0., 0., 0.,  ..., 0., 0., 0.],
         [0., 0., 0.,  ..., 0., 0., 0.],
         ...,
         [0., 0., 0.,  ..., 0., 0., 0.],
         [0., 0., 0.,  ..., 0., 0., 0.],
         [0., 0., 0.,  ..., 0., 0., 0.]]])
orig_shape: (1080, 1920)
shape: torch.Size([1, 384, 640])
xy: [array([[        723,         504],
       [        714,         513],
       [        711,         513],
       [        711,         516],
       [        708,         519],
       [        708,         573],
       [        711,         576],
       [        711,         582],
       [        729,         582],
       [        732,         585],
       [        876,         585],
       [        879,         582],
       [        882,         582],
       [        891,         573],
       [        894,         573],
       [        900,         567],
       [        900,         564],
       [        906,         558],
       [        906,         555],
       [        909,         552],
       [        909,         534],
       [        906,         531],
       [        906,         528],
       [        900,         522],
       [        900,         519],
       [        888,         507],
       [        885,         507],
       [        882,         504]], dtype=float32)]
xyn: [array([[    0.37656,     0.46667],
       [    0.37187,       0.475],
       [    0.37031,       0.475],
       [    0.37031,     0.47778],
       [    0.36875,     0.48056],
       [    0.36875,     0.53056],
       [    0.37031,     0.53333],
       [    0.37031,     0.53889],
       [    0.37969,     0.53889],
       [    0.38125,     0.54167],
       [    0.45625,     0.54167],
       [    0.45781,     0.53889],
       [    0.45937,     0.53889],
       [    0.46406,     0.53056],
       [    0.46562,     0.53056],
       [    0.46875,       0.525],
       [    0.46875,     0.52222],
       [    0.47188,     0.51667],
       [    0.47188,     0.51389],
       [    0.47344,     0.51111],
       [    0.47344,     0.49444],
       [    0.47188,     0.49167],
       [    0.47188,     0.48889],
       [    0.46875,     0.48333],
       [    0.46875,     0.48056],
       [     0.4625,     0.46944],
       [    0.46094,     0.46944],
       [    0.45937,     0.46667]], dtype=float32)]
Car #8 Mask Coordinates:
ultralytics.engine.results.Masks object with attributes:

data: tensor([[[0., 0., 0.,  ..., 0., 0., 0.],
         [0., 0., 0.,  ..., 0., 0., 0.],
         [0., 0., 0.,  ..., 0., 0., 0.],
         ...,
         [0., 0., 0.,  ..., 0., 0., 0.],
         [0., 0., 0.,  ..., 0., 0., 0.],
         [0., 0., 0.,  ..., 0., 0., 0.]]])
orig_shape: (1080, 1920)
shape: torch.Size([1, 384, 640])
xy: [array([[       1356,         804],
       [       1353,         807],
       [       1347,         807],
       [       1341,         813],
       [       1338,         813],
       [       1335,         816],
       [       1332,         816],
       [       1329,         819],
       [       1329,         822],
       [       1326,         825],
       [       1323,         825],
       [       1323,         828],
       [       1320,         831],
       [       1320,         888],
       [       1323,         891],
       [       1323,         894],
       [       1326,         897],
       [       1329,         897],
       [       1332,         900],
       [       1335,         900],
       [       1341,         906],
       [       1425,         906],
       [       1428,         903],
       [       1449,         903],
       [       1452,         900],
       [       1482,         900],
       [       1485,         897],
       [       1506,         897],
       [       1509,         894],
       [       1515,         894],
       [       1521,         888],
       [       1524,         888],
       [       1527,         885],
       [       1530,         885],
       [       1533,         882],
       [       1533,         879],
       [       1536,         876],
       [       1536,         873],
       [       1539,         870],
       [       1539,         867],
       [       1542,         864],
       [       1542,         858],
       [       1545,         855],
       [       1545,         837],
       [       1542,         834],
       [       1542,         828],
       [       1536,         822],
       [       1536,         819],
       [       1533,         816],
       [       1533,         807],
       [       1530,         807],
       [       1527,         804]], dtype=float32)]
xyn: [array([[    0.70625,     0.74444],
       [    0.70469,     0.74722],
       [    0.70156,     0.74722],
       [    0.69844,     0.75278],
       [    0.69687,     0.75278],
       [    0.69531,     0.75556],
       [    0.69375,     0.75556],
       [    0.69219,     0.75833],
       [    0.69219,     0.76111],
       [    0.69063,     0.76389],
       [    0.68906,     0.76389],
       [    0.68906,     0.76667],
       [     0.6875,     0.76944],
       [     0.6875,     0.82222],
       [    0.68906,       0.825],
       [    0.68906,     0.82778],
       [    0.69063,     0.83056],
       [    0.69219,     0.83056],
       [    0.69375,     0.83333],
       [    0.69531,     0.83333],
       [    0.69844,     0.83889],
       [    0.74219,     0.83889],
       [    0.74375,     0.83611],
       [    0.75469,     0.83611],
       [    0.75625,     0.83333],
       [    0.77188,     0.83333],
       [    0.77344,     0.83056],
       [    0.78438,     0.83056],
       [    0.78594,     0.82778],
       [    0.78906,     0.82778],
       [    0.79219,     0.82222],
       [    0.79375,     0.82222],
       [    0.79531,     0.81944],
       [    0.79688,     0.81944],
       [    0.79844,     0.81667],
       [    0.79844,     0.81389],
       [        0.8,     0.81111],
       [        0.8,     0.80833],
       [    0.80156,     0.80556],
       [    0.80156,     0.80278],
       [    0.80313,         0.8],
       [    0.80313,     0.79444],
       [    0.80469,     0.79167],
       [    0.80469,       0.775],
       [    0.80313,     0.77222],
       [    0.80313,     0.76667],
       [        0.8,     0.76111],
       [        0.8,     0.75833],
       [    0.79844,     0.75556],
       [    0.79844,     0.74722],
       [    0.79688,     0.74722],
       [    0.79531,     0.74444]], dtype=float32)]
Car #9 Mask Coordinates:
ultralytics.engine.results.Masks object with attributes:

data: tensor([[[0., 0., 0.,  ..., 0., 0., 0.],
         [0., 0., 0.,  ..., 0., 0., 0.],
         [0., 0., 0.,  ..., 0., 0., 0.],
         ...,
         [0., 0., 0.,  ..., 0., 0., 0.],
         [0., 0., 0.,  ..., 0., 0., 0.],
         [0., 0., 0.,  ..., 0., 0., 0.]]])
orig_shape: (1080, 1920)
shape: torch.Size([1, 384, 640])
xy: [array([[        333,         552],
       [        330,         555],
       [        327,         555],
       [        327,         558],
       [        324,         561],
       [        324,         615],
       [        330,         621],
       [        432,         621],
       [        435,         618],
       [        438,         618],
       [        444,         612],
       [        447,         612],
       [        453,         606],
       [        453,         600],
       [        456,         597],
       [        456,         594],
       [        459,         591],
       [        459,         588],
       [        462,         585],
       [        462,         570],
       [        456,         564],
       [        456,         561],
       [        453,         558],
       [        453,         555],
       [        450,         552]], dtype=float32)]
xyn: [array([[    0.17344,     0.51111],
       [    0.17188,     0.51389],
       [    0.17031,     0.51389],
       [    0.17031,     0.51667],
       [    0.16875,     0.51944],
       [    0.16875,     0.56944],
       [    0.17188,       0.575],
       [      0.225,       0.575],
       [    0.22656,     0.57222],
       [    0.22813,     0.57222],
       [    0.23125,     0.56667],
       [    0.23281,     0.56667],
       [    0.23594,     0.56111],
       [    0.23594,     0.55556],
       [     0.2375,     0.55278],
       [     0.2375,        0.55],
       [    0.23906,     0.54722],
       [    0.23906,     0.54444],
       [    0.24062,     0.54167],
       [    0.24062,     0.52778],
       [     0.2375,     0.52222],
       [     0.2375,     0.51944],
       [    0.23594,     0.51667],
       [    0.23594,     0.51389],
       [    0.23438,     0.51111]], dtype=float32)]
Car #10 Mask Coordinates:
ultralytics.engine.results.Masks object with attributes:

data: tensor([[[0., 0., 0.,  ..., 0., 0., 0.],
         [0., 0., 0.,  ..., 0., 0., 0.],
         [0., 0., 0.,  ..., 0., 0., 0.],
         ...,
         [0., 0., 0.,  ..., 0., 0., 0.],
         [0., 0., 0.,  ..., 0., 0., 0.],
         [0., 0., 0.,  ..., 0., 0., 0.]]])
orig_shape: (1080, 1920)
shape: torch.Size([1, 384, 640])
xy: [array([[       1548,         504],
       [       1545,         507],
       [       1542,         507],
       [       1539,         510],
       [       1539,         513],
       [       1536,         516],
       [       1536,         570],
       [       1539,         573],
       [       1542,         573],
       [       1551,         582],
       [       1560,         582],
       [       1563,         579],
       [       1569,         579],
       [       1572,         582],
       [       1590,         582],
       [       1593,         585],
       [       1629,         585],
       [       1632,         588],
       [       1638,         588],
       [       1641,         585],
       [       1650,         585],
       [       1653,         582],
       [       1653,         519],
       [       1638,         504]], dtype=float32)]
xyn: [array([[    0.80625,     0.46667],
       [    0.80469,     0.46944],
       [    0.80313,     0.46944],
       [    0.80156,     0.47222],
       [    0.80156,       0.475],
       [        0.8,     0.47778],
       [        0.8,     0.52778],
       [    0.80156,     0.53056],
       [    0.80313,     0.53056],
       [    0.80781,     0.53889],
       [     0.8125,     0.53889],
       [    0.81406,     0.53611],
       [    0.81719,     0.53611],
       [    0.81875,     0.53889],
       [    0.82812,     0.53889],
       [    0.82969,     0.54167],
       [    0.84844,     0.54167],
       [       0.85,     0.54444],
       [    0.85312,     0.54444],
       [    0.85469,     0.54167],
       [    0.85938,     0.54167],
       [    0.86094,     0.53889],
       [    0.86094,     0.48056],
       [    0.85312,     0.46667]], dtype=float32)]
Car #11 Mask Coordinates:
ultralytics.engine.results.Masks object with attributes:

data: tensor([[[0., 0., 0.,  ..., 0., 0., 0.],
         [0., 0., 0.,  ..., 0., 0., 0.],
         [0., 0., 0.,  ..., 0., 0., 0.],
         ...,
         [0., 0., 0.,  ..., 0., 0., 0.],
         [0., 0., 0.,  ..., 0., 0., 0.],
         [0., 0., 0.,  ..., 0., 0., 0.]]])
orig_shape: (1080, 1920)
shape: torch.Size([1, 384, 640])
xy: [array([[        174,         804],
       [        171,         807],
       [        168,         807],
       [        156,         819],
       [        156,         870],
       [        180,         894],
       [        183,         894],
       [        186,         897],
       [        219,         897],
       [        222,         894],
       [        270,         894],
       [        273,         891],
       [        276,         891],
       [        282,         885],
       [        285,         885],
       [        285,         882],
       [        288,         879],
       [        288,         876],
       [        294,         870],
       [        294,         861],
       [        297,         858],
       [        297,         831],
       [        294,         828],
       [        294,         825],
       [        291,         822],
       [        291,         819],
       [        282,         810],
       [        282,         807],
       [        276,         807],
       [        273,         804]], dtype=float32)]
xyn: [array([[   0.090625,     0.74444],
       [   0.089062,     0.74722],
       [     0.0875,     0.74722],
       [    0.08125,     0.75833],
       [    0.08125,     0.80556],
       [    0.09375,     0.82778],
       [   0.095312,     0.82778],
       [   0.096875,     0.83056],
       [    0.11406,     0.83056],
       [    0.11563,     0.82778],
       [    0.14062,     0.82778],
       [    0.14219,       0.825],
       [    0.14375,       0.825],
       [    0.14687,     0.81944],
       [    0.14844,     0.81944],
       [    0.14844,     0.81667],
       [       0.15,     0.81389],
       [       0.15,     0.81111],
       [    0.15313,     0.80556],
       [    0.15313,     0.79722],
       [    0.15469,     0.79444],
       [    0.15469,     0.76944],
       [    0.15313,     0.76667],
       [    0.15313,     0.76389],
       [    0.15156,     0.76111],
       [    0.15156,     0.75833],
       [    0.14687,        0.75],
       [    0.14687,     0.74722],
       [    0.14375,     0.74722],
       [    0.14219,     0.74444]], dtype=float32)]
Car #12 Mask Coordinates:
ultralytics.engine.results.Masks object with attributes:

data: tensor([[[0., 0., 0.,  ..., 0., 0., 0.],
         [0., 0., 0.,  ..., 0., 0., 0.],
         [0., 0., 0.,  ..., 0., 0., 0.],
         ...,
         [0., 0., 0.,  ..., 0., 0., 0.],
         [0., 0., 0.,  ..., 0., 0., 0.],
         [0., 0., 0.,  ..., 0., 0., 0.]]])
orig_shape: (1080, 1920)
shape: torch.Size([1, 384, 640])
xy: [array([[        246,         564],
       [        219,         591],
       [        219,         594],
       [        216,         597],
       [        216,         639],
       [        222,         645],
       [        261,         645],
       [        264,         642],
       [        270,         642],
       [        273,         639],
       [        276,         639],
       [        279,         636],
       [        285,         636],
       [        288,         633],
       [        309,         633],
       [        312,         630],
       [        315,         630],
       [        318,         627],
       [        318,         621],
       [        321,         618],
       [        321,         570],
       [        315,         564]], dtype=float32)]
xyn: [array([[    0.12812,     0.52222],
       [    0.11406,     0.54722],
       [    0.11406,        0.55],
       [     0.1125,     0.55278],
       [     0.1125,     0.59167],
       [    0.11563,     0.59722],
       [    0.13594,     0.59722],
       [     0.1375,     0.59444],
       [    0.14062,     0.59444],
       [    0.14219,     0.59167],
       [    0.14375,     0.59167],
       [    0.14531,     0.58889],
       [    0.14844,     0.58889],
       [       0.15,     0.58611],
       [    0.16094,     0.58611],
       [     0.1625,     0.58333],
       [    0.16406,     0.58333],
       [    0.16563,     0.58056],
       [    0.16563,       0.575],
       [    0.16719,     0.57222],
       [    0.16719,     0.52778],
       [    0.16406,     0.52222]], dtype=float32)]
Car #13 Mask Coordinates:
ultralytics.engine.results.Masks object with attributes:

data: tensor([[[0., 0., 0.,  ..., 0., 0., 0.],
         [0., 0., 0.,  ..., 0., 0., 0.],
         [0., 0., 0.,  ..., 0., 0., 0.],
         ...,
         [0., 0., 0.,  ..., 0., 0., 0.],
         [0., 0., 0.,  ..., 0., 0., 0.],
         [0., 0., 0.,  ..., 0., 0., 0.]]])
orig_shape: (1080, 1920)
shape: torch.Size([1, 384, 640])
xy: [array([[        846,         816],
       [        843,         819],
       [        840,         819],
       [        840,         822],
       [        834,         828],
       [        831,         828],
       [        831,         831],
       [        828,         834],
       [        828,         891],
       [        840,         903],
       [        840,         906],
       [        843,         909],
       [        846,         909],
       [        849,         912],
       [        852,         912],
       [        858,         918],
       [        864,         918],
       [        867,         921],
       [        903,         921],
       [        906,         924],
       [        918,         924],
       [        924,         930],
       [        930,         930],
       [        933,         927],
       [        936,         927],
       [        939,         924],
       [        942,         924],
       [        945,         921],
       [       1038,         921],
       [       1041,         918],
       [       1047,         918],
       [       1050,         915],
       [       1053,         915],
       [       1059,         909],
       [       1062,         909],
       [       1086,         885],
       [       1086,         882],
       [       1089,         879],
       [       1089,         852],
       [       1086,         849],
       [       1086,         840],
       [       1080,         834],
       [       1080,         828],
       [       1077,         825],
       [       1077,         819],
       [       1074,         816]], dtype=float32)]
xyn: [array([[    0.44063,     0.75556],
       [    0.43906,     0.75833],
       [     0.4375,     0.75833],
       [     0.4375,     0.76111],
       [    0.43437,     0.76667],
       [    0.43281,     0.76667],
       [    0.43281,     0.76944],
       [    0.43125,     0.77222],
       [    0.43125,       0.825],
       [     0.4375,     0.83611],
       [     0.4375,     0.83889],
       [    0.43906,     0.84167],
       [    0.44063,     0.84167],
       [    0.44219,     0.84444],
       [    0.44375,     0.84444],
       [    0.44688,        0.85],
       [       0.45,        0.85],
       [    0.45156,     0.85278],
       [    0.47031,     0.85278],
       [    0.47188,     0.85556],
       [    0.47813,     0.85556],
       [    0.48125,     0.86111],
       [    0.48438,     0.86111],
       [    0.48594,     0.85833],
       [     0.4875,     0.85833],
       [    0.48906,     0.85556],
       [    0.49062,     0.85556],
       [    0.49219,     0.85278],
       [    0.54062,     0.85278],
       [    0.54219,        0.85],
       [    0.54531,        0.85],
       [    0.54688,     0.84722],
       [    0.54844,     0.84722],
       [    0.55156,     0.84167],
       [    0.55313,     0.84167],
       [    0.56563,     0.81944],
       [    0.56563,     0.81667],
       [    0.56719,     0.81389],
       [    0.56719,     0.78889],
       [    0.56563,     0.78611],
       [    0.56563,     0.77778],
       [     0.5625,     0.77222],
       [     0.5625,     0.76667],
       [    0.56094,     0.76389],
       [    0.56094,     0.75833],
       [    0.55937,     0.75556]], dtype=float32)]
Car #14 Mask Coordinates:
ultralytics.engine.results.Masks object with attributes:

data: tensor([[[0., 0., 0.,  ..., 0., 0., 0.],
         [0., 0., 0.,  ..., 0., 0., 0.],
         [0., 0., 0.,  ..., 0., 0., 0.],
         ...,
         [0., 0., 0.,  ..., 0., 0., 0.],
         [0., 0., 0.,  ..., 0., 0., 0.],
         [0., 0., 0.,  ..., 0., 0., 0.]]])
orig_shape: (1080, 1920)
shape: torch.Size([1, 384, 640])
xy: [array([[         75,         624],
       [         72,         627],
       [         72,         630],
       [         66,         636],
       [         63,         636],
       [         60,         639],
       [         60,         690],
       [         63,         693],
       [         63,         696],
       [         72,         696],
       [         75,         693],
       [         93,         693],
       [         96,         690],
       [        102,         690],
       [        108,         684],
       [        111,         684],
       [        114,         681],
       [        123,         681],
       [        129,         675],
       [        129,         669],
       [        135,         663],
       [        135,         660],
       [        138,         657],
       [        138,         654],
       [        141,         651],
       [        141,         636],
       [        138,         633],
       [        138,         630],
       [        135,         627],
       [        132,         627],
       [        129,         624]], dtype=float32)]
xyn: [array([[   0.039062,     0.57778],
       [     0.0375,     0.58056],
       [     0.0375,     0.58333],
       [   0.034375,     0.58889],
       [   0.032812,     0.58889],
       [    0.03125,     0.59167],
       [    0.03125,     0.63889],
       [   0.032812,     0.64167],
       [   0.032812,     0.64444],
       [     0.0375,     0.64444],
       [   0.039062,     0.64167],
       [   0.048437,     0.64167],
       [       0.05,     0.63889],
       [   0.053125,     0.63889],
       [    0.05625,     0.63333],
       [   0.057813,     0.63333],
       [   0.059375,     0.63056],
       [   0.064062,     0.63056],
       [   0.067188,       0.625],
       [   0.067188,     0.61944],
       [   0.070312,     0.61389],
       [   0.070312,     0.61111],
       [   0.071875,     0.60833],
       [   0.071875,     0.60556],
       [   0.073437,     0.60278],
       [   0.073437,     0.58889],
       [   0.071875,     0.58611],
       [   0.071875,     0.58333],
       [   0.070312,     0.58056],
       [    0.06875,     0.58056],
       [   0.067188,     0.57778]], dtype=float32)]
Car #15 Mask Coordinates:
ultralytics.engine.results.Masks object with attributes:

data: tensor([[[0., 0., 0.,  ..., 0., 0., 0.],
         [0., 0., 0.,  ..., 0., 0., 0.],
         [0., 0., 0.,  ..., 0., 0., 0.],
         ...,
         [0., 0., 0.,  ..., 0., 0., 0.],
         [0., 0., 0.,  ..., 0., 0., 0.],
         [0., 0., 0.,  ..., 0., 0., 0.]]])
orig_shape: (1080, 1920)
shape: torch.Size([1, 384, 640])
xy: [array([[         63,         840],
       [         60,         843],
       [         60,         894],
       [         63,         897],
       [         66,         897],
       [         69,         900],
       [         72,         900],
       [         75,         903],
       [         93,         903],
       [         96,         900],
       [        129,         900],
       [        132,         897],
       [        138,         897],
       [        138,         894],
       [        141,         891],
       [        141,         843],
       [        138,         840]], dtype=float32)]
xyn: [array([[   0.032812,     0.77778],
       [    0.03125,     0.78056],
       [    0.03125,     0.82778],
       [   0.032812,     0.83056],
       [   0.034375,     0.83056],
       [   0.035937,     0.83333],
       [     0.0375,     0.83333],
       [   0.039062,     0.83611],
       [   0.048437,     0.83611],
       [       0.05,     0.83333],
       [   0.067188,     0.83333],
       [    0.06875,     0.83056],
       [   0.071875,     0.83056],
       [   0.071875,     0.82778],
       [   0.073437,       0.825],
       [   0.073437,     0.78056],
       [   0.071875,     0.77778]], dtype=float32)]
Car #16 Mask Coordinates:
ultralytics.engine.results.Masks object with attributes:

data: tensor([[[0., 0., 0.,  ..., 0., 0., 0.],
         [0., 0., 0.,  ..., 0., 0., 0.],
         [0., 0., 0.,  ..., 0., 0., 0.],
         ...,
         [0., 0., 0.,  ..., 0., 0., 0.],
         [0., 0., 0.,  ..., 0., 0., 0.],
         [0., 0., 0.,  ..., 0., 0., 0.]]])
orig_shape: (1080, 1920)
shape: torch.Size([1, 384, 640])
xy: [array([[       1671,         228],
       [       1668,         231],
       [       1668,         258],
       [       1671,         261],
       [       1683,         261],
       [       1695,         273],
       [       1704,         273],
       [       1707,         276],
       [       1710,         276],
       [       1719,         285],
       [       1734,         285],
       [       1737,         282],
       [       1737,         279],
       [       1740,         276],
       [       1740,         261],
       [       1737,         258],
       [       1737,         252],
       [       1728,         243],
       [       1728,         240],
       [       1725,         237],
       [       1725,         234],
       [       1722,         231],
       [       1719,         231],
       [       1716,         228]], dtype=float32)]
xyn: [array([[    0.87031,     0.21111],
       [    0.86875,     0.21389],
       [    0.86875,     0.23889],
       [    0.87031,     0.24167],
       [    0.87656,     0.24167],
       [    0.88281,     0.25278],
       [     0.8875,     0.25278],
       [    0.88906,     0.25556],
       [    0.89062,     0.25556],
       [    0.89531,     0.26389],
       [    0.90312,     0.26389],
       [    0.90469,     0.26111],
       [    0.90469,     0.25833],
       [    0.90625,     0.25556],
       [    0.90625,     0.24167],
       [    0.90469,     0.23889],
       [    0.90469,     0.23333],
       [        0.9,       0.225],
       [        0.9,     0.22222],
       [    0.89844,     0.21944],
       [    0.89844,     0.21667],
       [    0.89688,     0.21389],
       [    0.89531,     0.21389],
       [    0.89375,     0.21111]], dtype=float32)]
Car #17 Mask Coordinates:
ultralytics.engine.results.Masks object with attributes:

data: tensor([[[0., 0., 0.,  ..., 0., 0., 0.],
         [0., 0., 0.,  ..., 0., 0., 0.],
         [0., 0., 0.,  ..., 0., 0., 0.],
         ...,
         [0., 0., 0.,  ..., 0., 0., 0.],
         [0., 0., 0.,  ..., 0., 0., 0.],
         [0., 0., 0.,  ..., 0., 0., 0.]]])
orig_shape: (1080, 1920)
shape: torch.Size([1, 384, 640])
xy: [array([[       1119,         804],
       [       1116,         807],
       [       1116,         882],
       [       1122,         888],
       [       1128,         888],
       [       1131,         891],
       [       1170,         891],
       [       1173,         894],
       [       1182,         894],
       [       1185,         891],
       [       1257,         891],
       [       1260,         888],
       [       1269,         888],
       [       1272,         885],
       [       1287,         885],
       [       1293,         879],
       [       1293,         867],
       [       1296,         864],
       [       1296,         837],
       [       1293,         834],
       [       1293,         819],
       [       1278,         804]], dtype=float32)]
xyn: [array([[    0.58281,     0.74444],
       [    0.58125,     0.74722],
       [    0.58125,     0.81667],
       [    0.58438,     0.82222],
       [     0.5875,     0.82222],
       [    0.58906,       0.825],
       [    0.60938,       0.825],
       [    0.61094,     0.82778],
       [    0.61563,     0.82778],
       [    0.61719,       0.825],
       [    0.65469,       0.825],
       [    0.65625,     0.82222],
       [    0.66094,     0.82222],
       [     0.6625,     0.81944],
       [    0.67031,     0.81944],
       [    0.67344,     0.81389],
       [    0.67344,     0.80278],
       [      0.675,         0.8],
       [      0.675,       0.775],
       [    0.67344,     0.77222],
       [    0.67344,     0.75833],
       [    0.66562,     0.74444]], dtype=float32)]
Car #18 Mask Coordinates:
ultralytics.engine.results.Masks object with attributes:

data: tensor([[[0., 0., 0.,  ..., 0., 0., 0.],
         [0., 0., 0.,  ..., 0., 0., 0.],
         [0., 0., 0.,  ..., 0., 0., 0.],
         ...,
         [0., 0., 0.,  ..., 0., 0., 0.],
         [0., 0., 0.,  ..., 0., 0., 0.],
         [0., 0., 0.,  ..., 0., 0., 0.]]])
orig_shape: (1080, 1920)
shape: torch.Size([1, 384, 640])
xy: [array([[       1770,         276],
       [       1764,         282],
       [       1764,         309],
       [       1767,         312],
       [       1767,         315],
       [       1770,         318],
       [       1773,         318],
       [       1776,         321],
       [       1782,         321],
       [       1791,         330],
       [       1794,         330],
       [       1797,         333],
       [       1806,         333],
       [       1809,         336],
       [       1812,         336],
       [       1818,         342],
       [       1821,         342],
       [       1824,         345],
       [       1833,         345],
       [       1836,         348],
       [       1839,         348],
       [       1842,         351],
       [       1845,         348],
       [       1851,         348],
       [       1857,         342],
       [       1857,         324],
       [       1854,         321],
       [       1854,         315],
       [       1851,         315],
       [       1842,         306],
       [       1842,         303],
       [       1839,         303],
       [       1833,         297],
       [       1830,         297],
       [       1812,         279],
       [       1809,         279],
       [       1806,         276]], dtype=float32)]
xyn: [array([[    0.92188,     0.25556],
       [    0.91875,     0.26111],
       [    0.91875,     0.28611],
       [    0.92031,     0.28889],
       [    0.92031,     0.29167],
       [    0.92188,     0.29444],
       [    0.92344,     0.29444],
       [      0.925,     0.29722],
       [    0.92813,     0.29722],
       [    0.93281,     0.30556],
       [    0.93437,     0.30556],
       [    0.93594,     0.30833],
       [    0.94063,     0.30833],
       [    0.94219,     0.31111],
       [    0.94375,     0.31111],
       [    0.94687,     0.31667],
       [    0.94844,     0.31667],
       [       0.95,     0.31944],
       [    0.95469,     0.31944],
       [    0.95625,     0.32222],
       [    0.95781,     0.32222],
       [    0.95938,       0.325],
       [    0.96094,     0.32222],
       [    0.96406,     0.32222],
       [    0.96719,     0.31667],
       [    0.96719,         0.3],
       [    0.96562,     0.29722],
       [    0.96562,     0.29167],
       [    0.96406,     0.29167],
       [    0.95938,     0.28333],
       [    0.95938,     0.28056],
       [    0.95781,     0.28056],
       [    0.95469,       0.275],
       [    0.95312,       0.275],
       [    0.94375,     0.25833],
       [    0.94219,     0.25833],
       [    0.94063,     0.25556]], dtype=float32)]
Car #19 Mask Coordinates:
ultralytics.engine.results.Masks object with attributes:

data: tensor([[[0., 0., 0.,  ..., 0., 0., 0.],
         [0., 0., 0.,  ..., 0., 0., 0.],
         [0., 0., 0.,  ..., 0., 0., 0.],
         ...,
         [0., 0., 0.,  ..., 0., 0., 0.],
         [0., 0., 0.,  ..., 0., 0., 0.],
         [0., 0., 0.,  ..., 0., 0., 0.]]])
orig_shape: (1080, 1920)
shape: torch.Size([1, 384, 640])
xy: [array([[       1422,         192],
       [       1410,         204],
       [       1407,         204],
       [       1404,         207],
       [       1404,         210],
       [       1392,         222],
       [       1392,         249],
       [       1395,         252],
       [       1395,         255],
       [       1398,         258],
       [       1401,         258],
       [       1404,         261],
       [       1431,         261],
       [       1446,         246],
       [       1449,         246],
       [       1449,         243],
       [       1455,         237],
       [       1458,         237],
       [       1461,         234],
       [       1461,         231],
       [       1470,         222],
       [       1470,         216],
       [       1473,         213],
       [       1473,         210],
       [       1470,         207],
       [       1470,         204],
       [       1467,         204],
       [       1464,         201],
       [       1464,         198],
       [       1458,         192]], dtype=float32)]
xyn: [array([[    0.74063,     0.17778],
       [    0.73438,     0.18889],
       [    0.73281,     0.18889],
       [    0.73125,     0.19167],
       [    0.73125,     0.19444],
       [      0.725,     0.20556],
       [      0.725,     0.23056],
       [    0.72656,     0.23333],
       [    0.72656,     0.23611],
       [    0.72812,     0.23889],
       [    0.72969,     0.23889],
       [    0.73125,     0.24167],
       [    0.74531,     0.24167],
       [    0.75313,     0.22778],
       [    0.75469,     0.22778],
       [    0.75469,       0.225],
       [    0.75781,     0.21944],
       [    0.75937,     0.21944],
       [    0.76094,     0.21667],
       [    0.76094,     0.21389],
       [    0.76562,     0.20556],
       [    0.76562,         0.2],
       [    0.76719,     0.19722],
       [    0.76719,     0.19444],
       [    0.76562,     0.19167],
       [    0.76562,     0.18889],
       [    0.76406,     0.18889],
       [     0.7625,     0.18611],
       [     0.7625,     0.18333],
       [    0.75937,     0.17778]], dtype=float32)]
Car #20 Mask Coordinates:
ultralytics.engine.results.Masks object with attributes:

data: tensor([[[0., 0., 0.,  ..., 0., 0., 0.],
         [0., 0., 0.,  ..., 0., 0., 0.],
         [0., 0., 0.,  ..., 0., 0., 0.],
         ...,
         [0., 0., 0.,  ..., 0., 0., 0.],
         [0., 0., 0.,  ..., 0., 0., 0.],
         [0., 0., 0.,  ..., 0., 0., 0.]]])
orig_shape: (1080, 1920)
shape: torch.Size([1, 384, 640])
xy: [array([[         15,         660],
       [         12,         663],
       [         12,         714],
       [         15,         717],
       [         30,         717],
       [         33,         714],
       [         33,         711],
       [         36,         708],
       [         36,         702],
       [         39,         699],
       [         39,         693],
       [         42,         690],
       [         42,         675],
       [         39,         672],
       [         39,         669],
       [         36,         666],
       [         36,         663],
       [         33,         663],
       [         30,         660]], dtype=float32)]
xyn: [array([[  0.0078125,     0.61111],
       [    0.00625,     0.61389],
       [    0.00625,     0.66111],
       [  0.0078125,     0.66389],
       [   0.015625,     0.66389],
       [   0.017188,     0.66111],
       [   0.017188,     0.65833],
       [    0.01875,     0.65556],
       [    0.01875,        0.65],
       [   0.020312,     0.64722],
       [   0.020312,     0.64167],
       [   0.021875,     0.63889],
       [   0.021875,       0.625],
       [   0.020312,     0.62222],
       [   0.020312,     0.61944],
       [    0.01875,     0.61667],
       [    0.01875,     0.61389],
       [   0.017188,     0.61389],
       [   0.015625,     0.61111]], dtype=float32)]
Car #21 Mask Coordinates:
ultralytics.engine.results.Masks object with attributes:

data: tensor([[[0., 0., 0.,  ..., 0., 0., 0.],
         [0., 0., 0.,  ..., 0., 0., 0.],
         [0., 0., 0.,  ..., 0., 0., 0.],
         ...,
         [0., 0., 0.,  ..., 0., 0., 0.],
         [0., 0., 0.,  ..., 0., 0., 0.],
         [0., 0., 0.,  ..., 0., 0., 0.]]])
orig_shape: (1080, 1920)
shape: torch.Size([1, 384, 640])
xy: [array([[       1863,         660],
       [       1860,         663],
       [       1860,         723],
       [       1863,         726],
       [       1863,         729],
       [       1866,         729],
       [       1869,         732],
       [       1872,         732],
       [       1878,         738],
       [       1887,         738],
       [       1890,         741],
       [       1893,         741],
       [       1896,         744],
       [       1899,         744],
       [       1911,         756],
       [       1911,         759],
       [       1917,         759],
       [       1917,         663],
       [       1911,         663],
       [       1908,         660]], dtype=float32)]
xyn: [array([[    0.97031,     0.61111],
       [    0.96875,     0.61389],
       [    0.96875,     0.66944],
       [    0.97031,     0.67222],
       [    0.97031,       0.675],
       [    0.97188,       0.675],
       [    0.97344,     0.67778],
       [      0.975,     0.67778],
       [    0.97812,     0.68333],
       [    0.98281,     0.68333],
       [    0.98438,     0.68611],
       [    0.98594,     0.68611],
       [     0.9875,     0.68889],
       [    0.98906,     0.68889],
       [    0.99531,         0.7],
       [    0.99531,     0.70278],
       [    0.99844,     0.70278],
       [    0.99844,     0.61389],
       [    0.99531,     0.61389],
       [    0.99375,     0.61111]], dtype=float32)]
Car #22 Mask Coordinates:
ultralytics.engine.results.Masks object with attributes:

data: tensor([[[0., 0., 0.,  ..., 0., 0., 0.],
         [0., 0., 0.,  ..., 0., 0., 0.],
         [0., 0., 0.,  ..., 0., 0., 0.],
         ...,
         [0., 0., 0.,  ..., 0., 0., 0.],
         [0., 0., 0.,  ..., 0., 0., 0.],
         [0., 0., 0.,  ..., 0., 0., 0.]]])
orig_shape: (1080, 1920)
shape: torch.Size([1, 384, 640])
xy: [array([[         15,         840],
       [         12,         843],
       [         12,         891],
       [         18,         897],
       [         27,         897],
       [         30,         900],
       [         33,         900],
       [         39,         906],
       [         42,         906],
       [         54,         894],
       [         54,         858],
       [         48,         852],
       [         48,         849],
       [         45,         846],
       [         45,         843],
       [         42,         840]], dtype=float32)]
xyn: [array([[  0.0078125,     0.77778],
       [    0.00625,     0.78056],
       [    0.00625,       0.825],
       [   0.009375,     0.83056],
       [   0.014062,     0.83056],
       [   0.015625,     0.83333],
       [   0.017188,     0.83333],
       [   0.020312,     0.83889],
       [   0.021875,     0.83889],
       [   0.028125,     0.82778],
       [   0.028125,     0.79444],
       [      0.025,     0.78889],
       [      0.025,     0.78611],
       [   0.023438,     0.78333],
       [   0.023438,     0.78056],
       [   0.021875,     0.77778]], dtype=float32)]
Car #23 Mask Coordinates:
ultralytics.engine.results.Masks object with attributes:

data: tensor([[[0., 0., 0.,  ..., 0., 0., 0.],
         [0., 0., 0.,  ..., 0., 0., 0.],
         [0., 0., 0.,  ..., 0., 0., 0.],
         ...,
         [0., 0., 0.,  ..., 0., 0., 0.],
         [0., 0., 0.,  ..., 0., 0., 0.],
         [0., 0., 0.,  ..., 0., 0., 0.]]])
orig_shape: (1080, 1920)
shape: torch.Size([1, 384, 640])
xy: [array([[       1587,         300],
       [       1584,         303],
       [       1584,         366],
       [       1587,         369],
       [       1587,         372],
       [       1596,         372],
       [       1599,         375],
       [       1602,         372],
       [       1614,         372],
       [       1617,         369],
       [       1620,         369],
       [       1623,         366],
       [       1626,         366],
       [       1626,         360],
       [       1629,         357],
       [       1629,         345],
       [       1632,         342],
       [       1632,         339],
       [       1638,         333],
       [       1638,         330],
       [       1641,         327],
       [       1641,         318],
       [       1626,         303],
       [       1623,         303],
       [       1620,         300]], dtype=float32)]
xyn: [array([[    0.82656,     0.27778],
       [      0.825,     0.28056],
       [      0.825,     0.33889],
       [    0.82656,     0.34167],
       [    0.82656,     0.34444],
       [    0.83125,     0.34444],
       [    0.83281,     0.34722],
       [    0.83438,     0.34444],
       [    0.84062,     0.34444],
       [    0.84219,     0.34167],
       [    0.84375,     0.34167],
       [    0.84531,     0.33889],
       [    0.84688,     0.33889],
       [    0.84688,     0.33333],
       [    0.84844,     0.33056],
       [    0.84844,     0.31944],
       [       0.85,     0.31667],
       [       0.85,     0.31389],
       [    0.85312,     0.30833],
       [    0.85312,     0.30556],
       [    0.85469,     0.30278],
       [    0.85469,     0.29444],
       [    0.84688,     0.28056],
       [    0.84531,     0.28056],
       [    0.84375,     0.27778]], dtype=float32)]
Car #24 Mask Coordinates:
ultralytics.engine.results.Masks object with attributes:

data: tensor([[[0., 0., 0.,  ..., 0., 0., 0.],
         [0., 0., 0.,  ..., 0., 0., 0.],
         [0., 0., 0.,  ..., 0., 0., 0.],
         ...,
         [0., 0., 0.,  ..., 0., 0., 0.],
         [0., 0., 0.,  ..., 0., 0., 0.],
         [0., 0., 0.,  ..., 0., 0., 0.]]])
orig_shape: (1080, 1920)
shape: torch.Size([1, 384, 640])
xy: [array([[       1659,         888],
       [       1656,         891],
       [       1656,         894],
       [       1662,         900],
       [       1665,         900],
       [       1668,         903],
       [       1668,         906],
       [       1671,         906],
       [       1674,         909],
       [       1683,         909],
       [       1695,         921],
       [       1707,         921],
       [       1710,         924],
       [       1713,         924],
       [       1722,         933],
       [       1731,         933],
       [       1734,         936],
       [       1737,         936],
       [       1740,         939],
       [       1740,         942],
       [       1743,         942],
       [       1746,         945],
       [       1758,         945],
       [       1761,         948],
       [       1767,         948],
       [       1779,         960],
       [       1782,         960],
       [       1785,         963],
       [       1788,         963],
       [       1791,         966],
       [       1794,         966],
       [       1797,         963],
       [       1800,         963],
       [       1797,         960],
       [       1797,         954],
       [       1788,         945],
       [       1788,         942],
       [       1782,         936],
       [       1779,         936],
       [       1770,         927],
       [       1767,         927],
       [       1764,         924],
       [       1752,         924],
       [       1749,         921],
       [       1746,         921],
       [       1737,         912],
       [       1731,         912],
       [       1725,         906],
       [       1725,         903],
       [       1722,         900],
       [       1719,         900],
       [       1707,         888]], dtype=float32)]
xyn: [array([[    0.86406,     0.82222],
       [     0.8625,       0.825],
       [     0.8625,     0.82778],
       [    0.86563,     0.83333],
       [    0.86719,     0.83333],
       [    0.86875,     0.83611],
       [    0.86875,     0.83889],
       [    0.87031,     0.83889],
       [    0.87187,     0.84167],
       [    0.87656,     0.84167],
       [    0.88281,     0.85278],
       [    0.88906,     0.85278],
       [    0.89062,     0.85556],
       [    0.89219,     0.85556],
       [    0.89688,     0.86389],
       [    0.90156,     0.86389],
       [    0.90312,     0.86667],
       [    0.90469,     0.86667],
       [    0.90625,     0.86944],
       [    0.90625,     0.87222],
       [    0.90781,     0.87222],
       [    0.90938,       0.875],
       [    0.91562,       0.875],
       [    0.91719,     0.87778],
       [    0.92031,     0.87778],
       [    0.92656,     0.88889],
       [    0.92813,     0.88889],
       [    0.92969,     0.89167],
       [    0.93125,     0.89167],
       [    0.93281,     0.89444],
       [    0.93437,     0.89444],
       [    0.93594,     0.89167],
       [     0.9375,     0.89167],
       [    0.93594,     0.88889],
       [    0.93594,     0.88333],
       [    0.93125,       0.875],
       [    0.93125,     0.87222],
       [    0.92813,     0.86667],
       [    0.92656,     0.86667],
       [    0.92188,     0.85833],
       [    0.92031,     0.85833],
       [    0.91875,     0.85556],
       [     0.9125,     0.85556],
       [    0.91094,     0.85278],
       [    0.90938,     0.85278],
       [    0.90469,     0.84444],
       [    0.90156,     0.84444],
       [    0.89844,     0.83889],
       [    0.89844,     0.83611],
       [    0.89688,     0.83333],
       [    0.89531,     0.83333],
       [    0.88906,     0.82222]], dtype=float32)]
Car #25 Mask Coordinates:
ultralytics.engine.results.Masks object with attributes:

data: tensor([[[0., 0., 0.,  ..., 0., 0., 0.],
         [0., 0., 0.,  ..., 0., 0., 0.],
         [0., 0., 0.,  ..., 0., 0., 0.],
         ...,
         [0., 0., 0.,  ..., 0., 0., 0.],
         [0., 0., 0.,  ..., 0., 0., 0.],
         [0., 0., 0.,  ..., 0., 0., 0.]]])
orig_shape: (1080, 1920)
shape: torch.Size([1, 384, 640])
xy: [array([[       1539,         144],
       [       1536,         147],
       [       1536,         174],
       [       1548,         186],
       [       1554,         186],
       [       1557,         189],
       [       1566,         189],
       [       1572,         195],
       [       1572,         198],
       [       1575,         198],
       [       1590,         213],
       [       1617,         213],
       [       1620,         210],
       [       1626,         210],
       [       1626,         204],
       [       1629,         201],
       [       1629,         189],
       [       1626,         186],
       [       1626,         183],
       [       1617,         174],
       [       1617,         171],
       [       1614,         168],
       [       1611,         168],
       [       1605,         162],
       [       1605,         159],
       [       1602,         156],
       [       1596,         156],
       [       1590,         150],
       [       1587,         150],
       [       1584,         147],
       [       1581,         147],
       [       1578,         144]], dtype=float32)]
xyn: [array([[    0.80156,     0.13333],
       [        0.8,     0.13611],
       [        0.8,     0.16111],
       [    0.80625,     0.17222],
       [    0.80937,     0.17222],
       [    0.81094,       0.175],
       [    0.81563,       0.175],
       [    0.81875,     0.18056],
       [    0.81875,     0.18333],
       [    0.82031,     0.18333],
       [    0.82812,     0.19722],
       [    0.84219,     0.19722],
       [    0.84375,     0.19444],
       [    0.84688,     0.19444],
       [    0.84688,     0.18889],
       [    0.84844,     0.18611],
       [    0.84844,       0.175],
       [    0.84688,     0.17222],
       [    0.84688,     0.16944],
       [    0.84219,     0.16111],
       [    0.84219,     0.15833],
       [    0.84062,     0.15556],
       [    0.83906,     0.15556],
       [    0.83594,        0.15],
       [    0.83594,     0.14722],
       [    0.83438,     0.14444],
       [    0.83125,     0.14444],
       [    0.82812,     0.13889],
       [    0.82656,     0.13889],
       [      0.825,     0.13611],
       [    0.82344,     0.13611],
       [    0.82187,     0.13333]], dtype=float32)]
Car #26 Mask Coordinates:
ultralytics.engine.results.Masks object with attributes:

data: tensor([[[0., 0., 0.,  ..., 0., 0., 0.],
         [0., 0., 0.,  ..., 0., 0., 0.],
         [0., 0., 0.,  ..., 0., 0., 0.],
         ...,
         [0., 0., 0.,  ..., 0., 0., 0.],
         [0., 0., 0.,  ..., 0., 0., 0.],
         [0., 0., 0.,  ..., 0., 0., 0.]]])
orig_shape: (1080, 1920)
shape: torch.Size([1, 384, 640])
xy: [array([[       1659,         336],
       [       1656,         339],
       [       1656,         393],
       [       1659,         396],
       [       1659,         405],
       [       1662,         408],
       [       1662,         411],
       [       1671,         420],
       [       1695,         420],
       [       1704,         411],
       [       1704,         402],
       [       1707,         399],
       [       1707,         387],
       [       1704,         384],
       [       1704,         381],
       [       1701,         378],
       [       1701,         360],
       [       1698,         357],
       [       1698,         354],
       [       1692,         348],
       [       1692,         345],
       [       1689,         342],
       [       1689,         339],
       [       1686,         336]], dtype=float32)]
xyn: [array([[    0.86406,     0.31111],
       [     0.8625,     0.31389],
       [     0.8625,     0.36389],
       [    0.86406,     0.36667],
       [    0.86406,       0.375],
       [    0.86563,     0.37778],
       [    0.86563,     0.38056],
       [    0.87031,     0.38889],
       [    0.88281,     0.38889],
       [     0.8875,     0.38056],
       [     0.8875,     0.37222],
       [    0.88906,     0.36944],
       [    0.88906,     0.35833],
       [     0.8875,     0.35556],
       [     0.8875,     0.35278],
       [    0.88594,        0.35],
       [    0.88594,     0.33333],
       [    0.88437,     0.33056],
       [    0.88437,     0.32778],
       [    0.88125,     0.32222],
       [    0.88125,     0.31944],
       [    0.87969,     0.31667],
       [    0.87969,     0.31389],
       [    0.87813,     0.31111]], dtype=float32)]
Car #27 Mask Coordinates:
ultralytics.engine.results.Masks object with attributes:

data: tensor([[[0., 0., 0.,  ..., 0., 0., 0.],
         [0., 0., 0.,  ..., 0., 0., 0.],
         [0., 0., 0.,  ..., 0., 0., 0.],
         ...,
         [0., 0., 0.,  ..., 0., 0., 0.],
         [0., 0., 0.,  ..., 0., 0., 0.],
         [0., 0., 0.,  ..., 0., 0., 0.]]])
orig_shape: (1080, 1920)
shape: torch.Size([1, 384, 640])
xy: [array([[       1827,          84],
       [       1824,          87],
       [       1824,         102],
       [       1830,         108],
       [       1833,         108],
       [       1839,         114],
       [       1866,         114],
       [       1869,         111],
       [       1869,          99],
       [       1866,          96],
       [       1866,          93],
       [       1860,          87],
       [       1857,          87],
       [       1854,          84]], dtype=float32)]
xyn: [array([[    0.95156,    0.077778],
       [       0.95,    0.080556],
       [       0.95,    0.094444],
       [    0.95312,         0.1],
       [    0.95469,         0.1],
       [    0.95781,     0.10556],
       [    0.97188,     0.10556],
       [    0.97344,     0.10278],
       [    0.97344,    0.091667],
       [    0.97188,    0.088889],
       [    0.97188,    0.086111],
       [    0.96875,    0.080556],
       [    0.96719,    0.080556],
       [    0.96562,    0.077778]], dtype=float32)]
Car #28 Mask Coordinates:
ultralytics.engine.results.Masks object with attributes:

data: tensor([[[0., 0., 0.,  ..., 0., 0., 0.],
         [0., 0., 0.,  ..., 0., 0., 0.],
         [0., 0., 0.,  ..., 0., 0., 0.],
         ...,
         [0., 0., 0.,  ..., 0., 0., 0.],
         [0., 0., 0.,  ..., 0., 0., 0.],
         [0., 0., 0.,  ..., 0., 0., 0.]]])
orig_shape: (1080, 1920)
shape: torch.Size([1, 384, 640])
xy: [array([[       1875,         132],
       [       1872,         135],
       [       1872,         147],
       [       1878,         153],
       [       1917,         153],
       [       1917,         135],
       [       1908,         135],
       [       1905,         132]], dtype=float32)]
xyn: [array([[    0.97656,     0.12222],
       [      0.975,       0.125],
       [      0.975,     0.13611],
       [    0.97812,     0.14167],
       [    0.99844,     0.14167],
       [    0.99844,       0.125],
       [    0.99375,       0.125],
       [    0.99219,     0.12222]], dtype=float32)]
Car #29 Mask Coordinates:
ultralytics.engine.results.Masks object with attributes:

data: tensor([[[0., 0., 0.,  ..., 0., 0., 0.],
         [0., 0., 0.,  ..., 0., 0., 0.],
         [0., 0., 0.,  ..., 0., 0., 0.],
         ...,
         [0., 0., 0.,  ..., 0., 0., 0.],
         [0., 0., 0.,  ..., 0., 0., 0.],
         [0., 0., 0.,  ..., 0., 0., 0.]]])
orig_shape: (1080, 1920)
shape: torch.Size([1, 384, 640])
xy: [array([[       1479,          48],
       [       1476,          51],
       [       1476,          78],
       [       1482,          84],
       [       1485,          84],
       [       1488,          87],
       [       1491,          87],
       [       1494,          90],
       [       1497,          90],
       [       1500,          93],
       [       1506,          93],
       [       1515,         102],
       [       1524,         102],
       [       1527,         105],
       [       1530,         105],
       [       1533,         102],
       [       1539,         102],
       [       1542,          99],
       [       1542,          93],
       [       1545,          90],
       [       1545,          87],
       [       1542,          84],
       [       1542,          81],
       [       1539,          78],
       [       1539,          75],
       [       1536,          72],
       [       1536,          69],
       [       1533,          66],
       [       1533,          51],
       [       1530,          51],
       [       1527,          48]], dtype=float32)]
xyn: [array([[    0.77031,    0.044444],
       [    0.76875,    0.047222],
       [    0.76875,    0.072222],
       [    0.77188,    0.077778],
       [    0.77344,    0.077778],
       [      0.775,    0.080556],
       [    0.77656,    0.080556],
       [    0.77812,    0.083333],
       [    0.77969,    0.083333],
       [    0.78125,    0.086111],
       [    0.78438,    0.086111],
       [    0.78906,    0.094444],
       [    0.79375,    0.094444],
       [    0.79531,    0.097222],
       [    0.79688,    0.097222],
       [    0.79844,    0.094444],
       [    0.80156,    0.094444],
       [    0.80313,    0.091667],
       [    0.80313,    0.086111],
       [    0.80469,    0.083333],
       [    0.80469,    0.080556],
       [    0.80313,    0.077778],
       [    0.80313,       0.075],
       [    0.80156,    0.072222],
       [    0.80156,    0.069444],
       [        0.8,    0.066667],
       [        0.8,    0.063889],
       [    0.79844,    0.061111],
       [    0.79844,    0.047222],
       [    0.79688,    0.047222],
       [    0.79531,    0.044444]], dtype=float32)]
Car #30 Mask Coordinates:
ultralytics.engine.results.Masks object with attributes:

data: tensor([[[0., 0., 0.,  ..., 0., 0., 0.],
         [0., 0., 0.,  ..., 0., 0., 0.],
         [0., 0., 0.,  ..., 0., 0., 0.],
         ...,
         [0., 0., 0.,  ..., 0., 0., 0.],
         [0., 0., 0.,  ..., 0., 0., 0.],
         [0., 0., 0.,  ..., 0., 0., 0.]]])
orig_shape: (1080, 1920)
shape: torch.Size([1, 384, 640])
xy: [array([[       1827,         264],
       [       1824,         267],
       [       1824,         285],
       [       1827,         288],
       [       1827,         291],
       [       1830,         294],
       [       1833,         294],
       [       1836,         297],
       [       1839,         297],
       [       1842,         300],
       [       1857,         300],
       [       1860,         303],
       [       1869,         303],
       [       1872,         300],
       [       1875,         300],
       [       1881,         294],
       [       1881,         279],
       [       1878,         276],
       [       1875,         276],
       [       1863,         264]], dtype=float32)]
xyn: [array([[    0.95156,     0.24444],
       [       0.95,     0.24722],
       [       0.95,     0.26389],
       [    0.95156,     0.26667],
       [    0.95156,     0.26944],
       [    0.95312,     0.27222],
       [    0.95469,     0.27222],
       [    0.95625,       0.275],
       [    0.95781,       0.275],
       [    0.95938,     0.27778],
       [    0.96719,     0.27778],
       [    0.96875,     0.28056],
       [    0.97344,     0.28056],
       [      0.975,     0.27778],
       [    0.97656,     0.27778],
       [    0.97969,     0.27222],
       [    0.97969,     0.25833],
       [    0.97812,     0.25556],
       [    0.97656,     0.25556],
       [    0.97031,     0.24444]], dtype=float32)]
Car #31 Mask Coordinates:
ultralytics.engine.results.Masks object with attributes:

data: tensor([[[0., 0., 0.,  ..., 0., 0., 0.],
         [0., 0., 0.,  ..., 0., 0., 0.],
         [0., 0., 0.,  ..., 0., 0., 0.],
         ...,
         [0., 0., 0.,  ..., 0., 0., 0.],
         [0., 0., 0.,  ..., 0., 0., 0.],
         [0., 0., 0.,  ..., 0., 0., 0.]]])
orig_shape: (1080, 1920)
shape: torch.Size([1, 384, 640])
xy: [array([[       1779,         216],
       [       1776,         219],
       [       1776,         246],
       [       1779,         249],
       [       1779,         252],
       [       1782,         255],
       [       1785,         252],
       [       1797,         252],
       [       1800,         255],
       [       1803,         255],
       [       1806,         258],
       [       1824,         258],
       [       1827,         255],
       [       1830,         255],
       [       1833,         252],
       [       1836,         252],
       [       1839,         249],
       [       1842,         249],
       [       1842,         237],
       [       1833,         228],
       [       1833,         225],
       [       1827,         219],
       [       1824,         219],
       [       1821,         216]], dtype=float32)]
xyn: [array([[    0.92656,         0.2],
       [      0.925,     0.20278],
       [      0.925,     0.22778],
       [    0.92656,     0.23056],
       [    0.92656,     0.23333],
       [    0.92813,     0.23611],
       [    0.92969,     0.23333],
       [    0.93594,     0.23333],
       [     0.9375,     0.23611],
       [    0.93906,     0.23611],
       [    0.94063,     0.23889],
       [       0.95,     0.23889],
       [    0.95156,     0.23611],
       [    0.95312,     0.23611],
       [    0.95469,     0.23333],
       [    0.95625,     0.23333],
       [    0.95781,     0.23056],
       [    0.95938,     0.23056],
       [    0.95938,     0.21944],
       [    0.95469,     0.21111],
       [    0.95469,     0.20833],
       [    0.95156,     0.20278],
       [       0.95,     0.20278],
       [    0.94844,         0.2]], dtype=float32)]
Car #32 Mask Coordinates:
ultralytics.engine.results.Masks object with attributes:

data: tensor([[[0., 0., 0.,  ..., 0., 0., 0.],
         [0., 0., 0.,  ..., 0., 0., 0.],
         [0., 0., 0.,  ..., 0., 0., 0.],
         ...,
         [0., 0., 0.,  ..., 0., 0., 0.],
         [0., 0., 0.,  ..., 0., 0., 0.],
         [0., 0., 0.,  ..., 0., 0., 0.]]])
orig_shape: (1080, 1920)
shape: torch.Size([1, 384, 640])
xy: [array([[       1863,         444],
       [       1860,         447],
       [       1860,         477],
       [       1863,         480],
       [       1863,         489],
       [       1866,         492],
       [       1866,         495],
       [       1869,         498],
       [       1869,         510],
       [       1872,         513],
       [       1872,         522],
       [       1875,         525],
       [       1878,         525],
       [       1890,         537],
       [       1896,         537],
       [       1899,         540],
       [       1902,         540],
       [       1908,         546],
       [       1917,         546],
       [       1917,         486],
       [       1914,         486],
       [       1908,         480],
       [       1908,         471],
       [       1905,         468],
       [       1905,         462],
       [       1902,         459],
       [       1902,         453],
       [       1893,         444]], dtype=float32)]
xyn: [array([[    0.97031,     0.41111],
       [    0.96875,     0.41389],
       [    0.96875,     0.44167],
       [    0.97031,     0.44444],
       [    0.97031,     0.45278],
       [    0.97188,     0.45556],
       [    0.97188,     0.45833],
       [    0.97344,     0.46111],
       [    0.97344,     0.47222],
       [      0.975,       0.475],
       [      0.975,     0.48333],
       [    0.97656,     0.48611],
       [    0.97812,     0.48611],
       [    0.98438,     0.49722],
       [     0.9875,     0.49722],
       [    0.98906,         0.5],
       [    0.99063,         0.5],
       [    0.99375,     0.50556],
       [    0.99844,     0.50556],
       [    0.99844,        0.45],
       [    0.99687,        0.45],
       [    0.99375,     0.44444],
       [    0.99375,     0.43611],
       [    0.99219,     0.43333],
       [    0.99219,     0.42778],
       [    0.99063,       0.425],
       [    0.99063,     0.41944],
       [    0.98594,     0.41111]], dtype=float32)]
Car #33 Mask Coordinates:
ultralytics.engine.results.Masks object with attributes:

data: tensor([[[0., 0., 0.,  ..., 0., 0., 0.],
         [0., 0., 0.,  ..., 0., 0., 0.],
         [0., 0., 0.,  ..., 0., 0., 0.],
         ...,
         [0., 0., 0.,  ..., 0., 0., 0.],
         [0., 0., 0.,  ..., 0., 0., 0.],
         [0., 0., 0.,  ..., 0., 0., 0.]]])
orig_shape: (1080, 1920)
shape: torch.Size([1, 384, 640])
xy: [array([[       1770,         216],
       [       1764,         222],
       [       1764,         252],
       [       1767,         255],
       [       1767,         258],
       [       1773,         258],
       [       1776,         261],
       [       1785,         261],
       [       1788,         264],
       [       1791,         264],
       [       1797,         270],
       [       1803,         270],
       [       1806,         273],
       [       1809,         273],
       [       1815,         279],
       [       1821,         279],
       [       1824,         282],
       [       1848,         282],
       [       1851,         285],
       [       1857,         279],
       [       1857,         270],
       [       1854,         267],
       [       1854,         261],
       [       1842,         249],
       [       1842,         240],
       [       1836,         234],
       [       1836,         231],
       [       1833,         228],
       [       1833,         225],
       [       1827,         219],
       [       1824,         219],
       [       1821,         216]], dtype=float32)]
xyn: [array([[    0.92188,         0.2],
       [    0.91875,     0.20556],
       [    0.91875,     0.23333],
       [    0.92031,     0.23611],
       [    0.92031,     0.23889],
       [    0.92344,     0.23889],
       [      0.925,     0.24167],
       [    0.92969,     0.24167],
       [    0.93125,     0.24444],
       [    0.93281,     0.24444],
       [    0.93594,        0.25],
       [    0.93906,        0.25],
       [    0.94063,     0.25278],
       [    0.94219,     0.25278],
       [    0.94531,     0.25833],
       [    0.94844,     0.25833],
       [       0.95,     0.26111],
       [     0.9625,     0.26111],
       [    0.96406,     0.26389],
       [    0.96719,     0.25833],
       [    0.96719,        0.25],
       [    0.96562,     0.24722],
       [    0.96562,     0.24167],
       [    0.95938,     0.23056],
       [    0.95938,     0.22222],
       [    0.95625,     0.21667],
       [    0.95625,     0.21389],
       [    0.95469,     0.21111],
       [    0.95469,     0.20833],
       [    0.95156,     0.20278],
       [       0.95,     0.20278],
       [    0.94844,         0.2]], dtype=float32)]
Car #34 Mask Coordinates:
ultralytics.engine.results.Masks object with attributes:

data: tensor([[[0., 0., 0.,  ..., 0., 0., 0.],
         [0., 0., 0.,  ..., 0., 0., 0.],
         [0., 0., 0.,  ..., 0., 0., 0.],
         ...,
         [0., 0., 0.,  ..., 0., 0., 0.],
         [0., 0., 0.,  ..., 0., 0., 0.],
         [0., 0., 0.,  ..., 0., 0., 0.]]])
orig_shape: (1080, 1920)
shape: torch.Size([1, 384, 640])
xy: [array([[       1755,         144],
       [       1752,         147],
       [       1752,         159],
       [       1755,         162],
       [       1755,         165],
       [       1758,         165],
       [       1767,         174],
       [       1788,         174],
       [       1791,         171],
       [       1803,         171],
       [       1800,         168],
       [       1800,         162],
       [       1797,         159],
       [       1797,         156],
       [       1788,         147],
       [       1785,         147],
       [       1782,         144]], dtype=float32)]
xyn: [array([[    0.91406,     0.13333],
       [     0.9125,     0.13611],
       [     0.9125,     0.14722],
       [    0.91406,        0.15],
       [    0.91406,     0.15278],
       [    0.91562,     0.15278],
       [    0.92031,     0.16111],
       [    0.93125,     0.16111],
       [    0.93281,     0.15833],
       [    0.93906,     0.15833],
       [     0.9375,     0.15556],
       [     0.9375,        0.15],
       [    0.93594,     0.14722],
       [    0.93594,     0.14444],
       [    0.93125,     0.13611],
       [    0.92969,     0.13611],
       [    0.92813,     0.13333]], dtype=float32)]
Car #35 Mask Coordinates:
ultralytics.engine.results.Masks object with attributes:

data: tensor([[[0., 0., 0.,  ..., 0., 0., 0.],
         [0., 0., 0.,  ..., 0., 0., 0.],
         [0., 0., 0.,  ..., 0., 0., 0.],
         ...,
         [0., 0., 0.,  ..., 0., 0., 0.],
         [0., 0., 0.,  ..., 0., 0., 0.],
         [0., 0., 0.,  ..., 0., 0., 0.]]])
orig_shape: (1080, 1920)
shape: torch.Size([1, 384, 640])
xy: [array([[       1659,         888],
       [       1656,         891],
       [       1656,         894],
       [       1659,         897],
       [       1662,         897],
       [       1674,         909],
       [       1683,         909],
       [       1692,         918],
       [       1695,         918],
       [       1698,         921],
       [       1707,         921],
       [       1710,         924],
       [       1713,         924],
       [       1719,         930],
       [       1722,         930],
       [       1725,         933],
       [       1731,         933],
       [       1734,         936],
       [       1737,         936],
       [       1740,         939],
       [       1740,         942],
       [       1743,         942],
       [       1746,         945],
       [       1749,         942],
       [       1758,         942],
       [       1761,         945],
       [       1764,         945],
       [       1767,         948],
       [       1770,         945],
       [       1770,         942],
       [       1773,         939],
       [       1770,         936],
       [       1770,         930],
       [       1767,         927],
       [       1758,         927],
       [       1755,         924],
       [       1749,         924],
       [       1746,         921],
       [       1743,         921],
       [       1734,         912],
       [       1731,         912],
       [       1725,         906],
       [       1725,         903],
       [       1722,         900],
       [       1719,         900],
       [       1710,         891],
       [       1707,         891],
       [       1704,         888]], dtype=float32)]
xyn: [array([[    0.86406,     0.82222],
       [     0.8625,       0.825],
       [     0.8625,     0.82778],
       [    0.86406,     0.83056],
       [    0.86563,     0.83056],
       [    0.87187,     0.84167],
       [    0.87656,     0.84167],
       [    0.88125,        0.85],
       [    0.88281,        0.85],
       [    0.88437,     0.85278],
       [    0.88906,     0.85278],
       [    0.89062,     0.85556],
       [    0.89219,     0.85556],
       [    0.89531,     0.86111],
       [    0.89688,     0.86111],
       [    0.89844,     0.86389],
       [    0.90156,     0.86389],
       [    0.90312,     0.86667],
       [    0.90469,     0.86667],
       [    0.90625,     0.86944],
       [    0.90625,     0.87222],
       [    0.90781,     0.87222],
       [    0.90938,       0.875],
       [    0.91094,     0.87222],
       [    0.91562,     0.87222],
       [    0.91719,       0.875],
       [    0.91875,       0.875],
       [    0.92031,     0.87778],
       [    0.92188,       0.875],
       [    0.92188,     0.87222],
       [    0.92344,     0.86944],
       [    0.92188,     0.86667],
       [    0.92188,     0.86111],
       [    0.92031,     0.85833],
       [    0.91562,     0.85833],
       [    0.91406,     0.85556],
       [    0.91094,     0.85556],
       [    0.90938,     0.85278],
       [    0.90781,     0.85278],
       [    0.90312,     0.84444],
       [    0.90156,     0.84444],
       [    0.89844,     0.83889],
       [    0.89844,     0.83611],
       [    0.89688,     0.83333],
       [    0.89531,     0.83333],
       [    0.89062,       0.825],
       [    0.88906,       0.825],
       [     0.8875,     0.82222]], dtype=float32)]
Car #36 Mask Coordinates:
ultralytics.engine.results.Masks object with attributes:

data: tensor([[[0., 0., 0.,  ..., 0., 0., 0.],
         [0., 0., 0.,  ..., 0., 0., 0.],
         [0., 0., 0.,  ..., 0., 0., 0.],
         ...,
         [0., 0., 0.,  ..., 0., 0., 0.],
         [0., 0., 0.,  ..., 0., 0., 0.],
         [0., 0., 0.,  ..., 0., 0., 0.]]])
orig_shape: (1080, 1920)
shape: torch.Size([1, 384, 640])
xy: [array([[        447,         468],
       [        444,         471],
       [        444,         486],
       [        447,         489],
       [        447,         492],
       [        459,         492],
       [        465,         486],
       [        465,         480],
       [        468,         477],
       [        468,         471],
       [        465,         471],
       [        462,         468]], dtype=float32)]
xyn: [array([[    0.23281,     0.43333],
       [    0.23125,     0.43611],
       [    0.23125,        0.45],
       [    0.23281,     0.45278],
       [    0.23281,     0.45556],
       [    0.23906,     0.45556],
       [    0.24219,        0.45],
       [    0.24219,     0.44444],
       [    0.24375,     0.44167],
       [    0.24375,     0.43611],
       [    0.24219,     0.43611],
       [    0.24062,     0.43333]], dtype=float32)]
Car #37 Mask Coordinates:
ultralytics.engine.results.Masks object with attributes:

data: tensor([[[0., 0., 0.,  ..., 0., 0., 0.],
         [0., 0., 0.,  ..., 0., 0., 0.],
         [0., 0., 0.,  ..., 0., 0., 0.],
         ...,
         [0., 0., 0.,  ..., 0., 0., 0.],
         [0., 0., 0.,  ..., 0., 0., 0.],
         [0., 0., 0.,  ..., 0., 0., 0.]]])
orig_shape: (1080, 1920)
shape: torch.Size([1, 384, 640])
xy: [array([[       1782,         216],
       [       1776,         222],
       [       1776,         243],
       [       1779,         246],
       [       1779,         249],
       [       1782,         252],
       [       1785,         249],
       [       1797,         249],
       [       1800,         252],
       [       1806,         252],
       [       1809,         255],
       [       1812,         255],
       [       1815,         258],
       [       1818,         258],
       [       1821,         255],
       [       1824,         255],
       [       1827,         252],
       [       1830,         252],
       [       1830,         249],
       [       1833,         246],
       [       1833,         240],
       [       1830,         237],
       [       1830,         222],
       [       1827,         219],
       [       1821,         219],
       [       1818,         216]], dtype=float32)]
xyn: [array([[    0.92813,         0.2],
       [      0.925,     0.20556],
       [      0.925,       0.225],
       [    0.92656,     0.22778],
       [    0.92656,     0.23056],
       [    0.92813,     0.23333],
       [    0.92969,     0.23056],
       [    0.93594,     0.23056],
       [     0.9375,     0.23333],
       [    0.94063,     0.23333],
       [    0.94219,     0.23611],
       [    0.94375,     0.23611],
       [    0.94531,     0.23889],
       [    0.94687,     0.23889],
       [    0.94844,     0.23611],
       [       0.95,     0.23611],
       [    0.95156,     0.23333],
       [    0.95312,     0.23333],
       [    0.95312,     0.23056],
       [    0.95469,     0.22778],
       [    0.95469,     0.22222],
       [    0.95312,     0.21944],
       [    0.95312,     0.20556],
       [    0.95156,     0.20278],
       [    0.94844,     0.20278],
       [    0.94687,         0.2]], dtype=float32)]
Car #38 Mask Coordinates:
ultralytics.engine.results.Masks object with attributes:

data: tensor([[[0., 0., 0.,  ..., 0., 0., 0.],
         [0., 0., 0.,  ..., 0., 0., 0.],
         [0., 0., 0.,  ..., 0., 0., 0.],
         ...,
         [0., 0., 0.,  ..., 0., 0., 0.],
         [0., 0., 0.,  ..., 0., 0., 0.],
         [0., 0., 0.,  ..., 0., 0., 0.]]])
orig_shape: (1080, 1920)
shape: torch.Size([1, 384, 640])
xy: [array([[        159,         816],
       [        156,         819],
       [        156,         861],
       [        159,         864],
       [        159,         867],
       [        162,         870],
       [        168,         870],
       [        171,         867],
       [        177,         867],
       [        180,         864],
       [        189,         864],
       [        192,         861],
       [        198,         861],
       [        204,         855],
       [        204,         852],
       [        210,         846],
       [        210,         840],
       [        213,         837],
       [        213,         825],
       [        216,         822],
       [        210,         816]], dtype=float32)]
xyn: [array([[   0.082813,     0.75556],
       [    0.08125,     0.75833],
       [    0.08125,     0.79722],
       [   0.082813,         0.8],
       [   0.082813,     0.80278],
       [   0.084375,     0.80556],
       [     0.0875,     0.80556],
       [   0.089062,     0.80278],
       [   0.092188,     0.80278],
       [    0.09375,         0.8],
       [   0.098438,         0.8],
       [        0.1,     0.79722],
       [    0.10312,     0.79722],
       [    0.10625,     0.79167],
       [    0.10625,     0.78889],
       [    0.10938,     0.78333],
       [    0.10938,     0.77778],
       [    0.11094,       0.775],
       [    0.11094,     0.76389],
       [     0.1125,     0.76111],
       [    0.10938,     0.75556]], dtype=float32)]
