2 0.542824 0.499469 0.09757 0.0924043 0.901666
2 0.721731 0.492424 0.0997421 0.0870423 0.885474
2 0.420058 0.501827 0.103158 0.0878837 0.884338
2 0.250454 0.642651 0.092316 0.09518 0.878453
2 0.292257 0.517049 0.0891388 0.0944885 0.853181
2 0.201497 0.540377 0.0766613 0.0770301 0.850755
2 0.13943 0.56054 0.0591756 0.0826911 0.849815
2 0.830341 0.506918 0.0677305 0.0839403 0.823397
2 0.915491 0.571255 0.0781002 0.118316 0.812186
2 0.886279 0.233785 0.043679 0.0652167 0.77518
2 0.771859 0.238085 0.0396515 0.0715229 0.72134
2 0.0522812 0.803399 0.0469215 0.0725705 0.706753
2 0.821349 0.165651 0.0555681 0.0692905 0.706551
2 0.627175 0.782839 0.0970623 0.0903422 0.693765
2 0.218615 0.782729 0.100693 0.0987613 0.692558
2 0.743826 0.21007 0.0441324 0.0782398 0.684495
2 0.941843 0.291709 0.049157 0.0683459 0.650509
2 0.127922 0.790746 0.0767826 0.0821889 0.649795
2 0.799684 0.2768 0.0403576 0.085977 0.628974
2 0.498125 0.803213 0.136712 0.112663 0.604514
2 0.984602 0.651339 0.0299961 0.092894 0.577483
2 0.838422 0.309735 0.0275883 0.085187 0.564159
2 0.764688 0.789136 0.108023 0.0937873 0.550612
2 0.036568 0.618171 0.0724981 0.0908081 0.470747
2 0.712549 0.0723851 0.0310113 0.0601932 0.435354
2 0.0142979 0.806284 0.0283919 0.0577443 0.421017
2 0.0494136 0.612161 0.0463534 0.077239 0.352158
2 0.979636 0.435148 0.0352587 0.0777596 0.347197
2 0.96091 0.0900617 0.0299889 0.0314036 0.343306
2 0.963759 0.259024 0.0337368 0.0483189 0.334017
2 0.33905 0.802543 0.10386 0.0934616 0.310337
2 0.0126162 0.634796 0.0252284 0.0598553 0.225458
2 0.785017 0.10042 0.0426401 0.0623355 0.224722
2 0.939709 0.216664 0.0372242 0.048495 0.140022
2 0.926368 0.149958 0.029557 0.0314463 0.110126
2 0.942022 0.407386 0.034897 0.0785116 0.0724929
2 0.0109301 0.895695 0.0217983 0.0342319 0.0712464
2 0.989497 0.164676 0.0196724 0.0320664 0.0707013
2 0.32322 0.952016 0.0312577 0.0297529 0.0678588
2 0.892523 0.360047 0.0593466 0.0968235 0.0634893
2 0.983397 0.119348 0.022706 0.0259057 0.0627761
2 0.876145 0.349127 0.0265327 0.076846 0.0620839
2 0.937838 0.184781 0.0368647 0.0506009 0.060545
2 0.950733 0.257518 0.0605717 0.0533305 0.0604007
2 0.992588 0.197872 0.0141773 0.043182 0.0551248
2 0.787712 0.0676599 0.0282667 0.0486374 0.0539572
2 0.990402 0.175708 0.0185234 0.0462361 0.0516951
