2 0.72218 0.491577 0.0993526 0.0897332 0.920136
2 0.291665 0.517627 0.0907831 0.0945066 0.89546
2 0.420014 0.502429 0.104201 0.0865261 0.8909
2 0.202588 0.541249 0.0741647 0.076049 0.886251
2 0.498387 0.804855 0.136894 0.113806 0.881611
2 0.542313 0.502064 0.0984754 0.0898822 0.879963
2 0.218388 0.784353 0.100809 0.10015 0.868792
2 0.13967 0.559952 0.0596497 0.0830156 0.86344
2 0.0502498 0.610993 0.0475884 0.0771115 0.84334
2 0.830012 0.505556 0.068493 0.0840305 0.840315
2 0.74432 0.210094 0.0450195 0.07348 0.799129
2 0.886204 0.233969 0.0433447 0.0669327 0.793075
2 0.942821 0.291795 0.0488125 0.0705989 0.775982
2 0.822207 0.164905 0.0544931 0.0743228 0.758242
2 0.627021 0.783015 0.0970306 0.0919968 0.749041
2 0.915979 0.571446 0.0770508 0.118379 0.746305
2 0.0111496 0.640592 0.0222558 0.0626416 0.734175
2 0.115471 0.787302 0.075769 0.087226 0.719331
2 0.0513504 0.803587 0.0463563 0.0703434 0.71805
2 0.745888 0.790976 0.11979 0.101033 0.704522
2 0.338657 0.803129 0.104328 0.0947605 0.701568
2 0.837852 0.310758 0.0327442 0.0810909 0.654789
2 0.0136332 0.806199 0.0270511 0.0573797 0.573262
2 0.961727 0.0908294 0.031184 0.0324194 0.505315
2 0.963754 0.260589 0.0335243 0.0489768 0.443566
2 0.87485 0.349504 0.0334015 0.0850536 0.33043
2 0.939202 0.215515 0.0428909 0.0529557 0.288194
2 0.925883 0.147457 0.0274223 0.0305904 0.277631
2 0.896901 0.85174 0.076829 0.0735645 0.26528
2 0.99284 0.200107 0.0136379 0.0447578 0.183082
2 0.985443 0.129088 0.0280884 0.0334114 0.156014
2 0.783538 0.0702873 0.0423899 0.0598793 0.12895
2 0.937613 0.181744 0.0372746 0.0453261 0.110542
2 0.983082 0.118826 0.0260273 0.0287474 0.0945168
2 0.617035 0.0405567 0.0373644 0.0304461 0.0888851
2 0.985 0.121238 0.0289116 0.0454024 0.084663
2 0.939775 0.224089 0.0462463 0.0671769 0.0830186
2 0.938052 0.200048 0.0426146 0.0795989 0.0816351
2 0.774456 0.0265004 0.0390103 0.0511211 0.0768963
2 0.0108253 0.895845 0.0215519 0.034472 0.0746483
2 0.949409 0.259851 0.0629772 0.0522656 0.0609189
